Date,Open,High,Low,Close,Vol
2018-02-07,10.00,10.01,9.99,9.99,69421240
2018-02-08,9.98,10.00,9.96,9.98,4789500
2018-02-09,10.00,10.00,9.41,9.41,2908200
2018-02-12,9.45,9.69,9.45,9.59,4639400
2018-02-13,9.59,9.90,9.59,9.71,620500
2018-02-14,9.15,9.83,9.15,9.79,1130700
2018-02-22,9.81,10.06,9.81,10.05,15528000
2018-02-23,10.06,10.15,10.03,10.06,10921600
2018-02-26,10.11,10.22,10.05,10.20,5254800
2018-02-27,10.20,10.22,10.08,10.10,880600
2018-02-28,10.00,10.07,9.93,9.95,936600
2018-03-01,9.95,10.04,9.95,9.99,102500
2018-03-02,9.99,9.99,9.89,9.99,104800
2018-03-05,9.45,9.98,9.45,9.88,383100
2018-03-06,10.65,10.66,9.59,10.02,384400
2018-03-07,9.83,10.09,9.83,10.07,1064200
2018-03-08,9.91,10.24,9.91,10.10,3021900
2018-03-09,9.90,10.10,9.90,10.10,122300
2018-03-12,10.15,10.25,10.14,10.24,3663400
2018-03-13,10.24,10.24,10.13,10.15,525900
2018-03-14,10.10,10.10,10.02,10.03,60100
2018-03-15,10.03,10.20,10.03,10.20,1505500
2018-03-16,10.00,10.25,10.00,10.10,743600
2018-03-19,9.99,10.08,9.99,10.02,9000
2018-03-20,9.98,10.00,9.98,10.00,26200
2018-03-21,10.07,10.15,10.07,10.15,520300
2018-03-22,10.15,10.15,10.15,10.15,0
2018-03-23,9.76,9.76,9.55,9.58,4300
2018-03-26,9.57,9.57,9.57,9.57,5500
2018-03-27,9.67,9.74,9.64,9.69,29600
2018-03-28,9.50,9.50,9.46,9.49,2000
2018-03-29,9.48,10.10,9.48,10.10,17300
2018-03-30,9.59,10.10,9.59,10.10,42700
2018-04-02,9.63,9.63,9.63,9.63,1000
2018-04-03,9.49,9.51,9.49,9.51,6900
2018-04-04,9.30,9.94,9.30,9.85,61600
2018-04-09,9.50,9.51,9.50,9.51,3000
2018-04-10,9.86,9.86,9.57,9.57,17200
2018-04-11,9.69,9.73,9.69,9.73,210700
2018-04-12,9.64,9.67,9.62,9.62,2000
2018-04-13,9.42,9.72,9.42,9.58,4300
2018-04-16,9.48,9.48,9.47,9.47,26700
2018-04-17,9.33,9.33,9.33,9.33,5200
2018-04-18,9.30,9.40,9.23,9.40,39600
2018-04-19,9.37,9.37,9.36,9.37,852100
2018-04-20,9.26,9.26,9.26,9.26,7300
2018-04-23,9.27,9.60,9.27,9.60,5500
2018-04-24,9.55,9.57,9.42,9.45,5000
2018-04-25,9.42,9.42,9.42,9.42,100
2018-04-26,9.31,9.32,9.31,9.32,7100
2018-04-27,9.32,9.32,9.32,9.32,0
2018-05-02,9.24,9.36,9.22,9.36,42200
2018-05-03,9.34,9.34,9.33,9.33,1400
2018-05-04,8.42,9.33,8.42,9.31,14200
2018-05-07,9.31,9.48,9.31,9.42,76500
2018-05-08,9.49,9.57,9.49,9.57,4000
2018-05-09,10.14,10.14,9.30,9.60,266100
2018-05-10,9.60,9.60,9.60,9.60,0
2018-05-11,9.54,9.54,9.54,9.54,18000
2018-05-14,9.60,9.74,9.60,9.62,610900
2018-05-15,9.36,9.63,9.36,9.63,20100
2018-05-16,9.63,9.65,9.63,9.64,22200
2018-05-17,9.64,9.64,9.64,9.64,0
2018-05-18,9.52,9.62,9.52,9.62,9000
2018-05-21,9.66,9.66,9.66,9.66,10000
2018-05-22,9.66,9.66,9.61,9.61,11600
2018-05-23,9.56,9.57,9.56,9.57,5000
2018-05-24,9.50,9.50,9.47,9.47,15000
2018-05-25,9.47,9.47,9.47,9.47,0
2018-05-28,9.52,9.52,9.43,9.46,108000
2018-05-29,9.30,9.42,9.30,9.42,516000
2018-05-30,9.25,9.38,9.09,9.38,335900
2018-05-31,9.25,9.41,9.25,9.40,41200
2018-06-01,9.28,9.32,9.22,9.29,120100
2018-06-04,9.28,9.36,9.28,9.36,16600
2018-06-05,9.36,9.38,9.36,9.38,7600
2018-06-06,9.38,9.38,9.38,9.38,1100
2018-06-07,9.43,9.43,9.43,9.43,100
2018-06-08,9.38,9.38,9.38,9.38,100
2018-06-11,9.29,9.29,9.28,9.29,3400
2018-06-12,9.29,9.37,9.29,9.37,5500
2018-06-13,9.37,9.37,9.37,9.37,0
2018-06-14,9.29,9.96,9.09,9.96,2125800
2018-06-15,9.39,9.91,9.39,9.80,20800
2018-06-19,9.80,9.80,9.80,9.80,0
2018-06-20,9.80,9.80,9.80,9.80,0
2018-06-21,9.42,9.42,9.40,9.40,7200
2018-06-22,9.40,9.40,9.40,9.40,0
2018-06-25,9.04,9.04,9.03,9.03,4000
2018-06-26,9.00,9.00,9.00,9.00,1100
2018-06-27,9.00,9.20,8.50,8.80,32300
2018-06-28,9.00,9.00,8.92,8.92,9600
2018-06-29,9.80,9.80,9.80,9.80,100
2018-07-02,9.80,9.80,9.80,9.80,0
2018-07-03,8.84,8.84,8.82,8.82,39900
2018-07-04,8.82,8.82,8.82,8.82,0
2018-07-05,8.82,8.82,8.40,8.40,4800
2018-07-06,8.30,8.77,8.20,8.38,163800
2018-07-09,8.49,9.18,8.49,9.00,213700
2018-07-10,8.65,8.65,8.65,8.65,400
2018-07-11,8.45,8.45,8.45,8.45,2900
2018-07-12,8.63,9.30,8.63,9.30,45100
2018-07-13,9.00,9.00,8.70,8.84,2719000
2018-07-16,8.82,8.84,8.80,8.80,39700
2018-07-17,8.70,9.20,8.69,8.69,15700
2018-07-18,8.61,8.62,8.61,8.62,11300
2018-07-19,8.80,8.80,8.80,8.80,2500
2018-07-20,8.60,8.71,8.60,8.71,63000
2018-07-23,8.70,8.71,8.70,8.71,2000
2018-07-24,8.89,8.89,8.89,8.89,1000
2018-07-25,8.88,8.88,8.88,8.88,1000
2018-07-26,8.87,9.40,8.87,9.40,2715800
2018-07-27,8.90,9.60,8.90,9.01,88500
2018-07-30,9.10,9.91,8.94,8.96,62500
2018-07-31,9.00,9.81,9.00,9.05,145500
2018-08-01,9.12,9.15,9.10,9.12,5200
2018-08-02,9.12,9.12,9.12,9.12,0
2018-08-03,9.12,9.12,9.12,9.12,0
2018-08-06,9.12,9.12,9.12,9.12,0
2018-08-07,9.50,9.50,8.40,8.52,49400
2018-08-08,8.52,8.52,8.52,8.52,9800
2018-08-09,8.56,8.68,8.56,8.68,27000
2018-08-10,8.88,8.88,8.88,8.88,1100
2018-08-13,8.42,8.42,8.42,8.42,500
2018-08-14,8.42,8.42,8.42,8.42,0
2018-08-15,8.42,8.42,8.42,8.42,1000
2018-08-16,8.70,8.70,8.27,8.27,3200
2018-08-17,8.27,8.27,8.27,8.27,0
2018-08-20,8.70,8.70,8.70,8.70,1700
2018-08-21,8.70,8.70,8.70,8.70,0
2018-08-22,8.70,8.70,8.70,8.70,0
2018-08-23,8.35,8.70,8.35,8.70,1200
2018-08-24,8.70,8.70,8.70,8.70,0
2018-08-27,8.70,8.70,8.70,8.70,0
2018-08-28,8.58,8.68,8.58,8.68,3500
2018-08-29,8.68,8.68,8.68,8.68,0
2018-08-30,9.15,9.15,9.15,9.15,100
2018-08-31,9.15,9.15,9.15,9.15,0
2018-09-03,9.15,9.15,9.15,9.15,0
2018-09-04,9.00,9.00,9.00,9.00,200
2018-09-05,9.00,9.00,9.00,9.00,0
2018-09-06,9.00,9.00,9.00,9.00,0
2018-09-07,8.40,8.42,8.34,8.38,31900
2018-09-10,8.99,8.99,8.26,8.44,9900
2018-09-11,8.42,8.42,8.40,8.40,5500
2018-09-12,8.30,8.30,8.11,8.29,145200
2018-09-13,8.16,8.70,8.16,8.70,1300
2018-09-14,8.68,8.68,8.68,8.68,200
2018-09-17,8.31,8.31,8.30,8.30,600
2018-09-18,8.30,8.30,8.30,8.30,0
2018-09-19,8.30,8.30,8.30,8.30,0
2018-09-20,8.30,8.30,8.30,8.30,0
2018-09-21,8.36,8.54,8.36,8.54,144100
2018-09-25,8.62,8.62,8.62,8.62,400
2018-09-26,8.61,8.61,8.61,8.61,1000
2018-09-27,8.55,8.55,8.55,8.55,300
2018-09-28,8.62,8.68,8.60,8.60,3100
2018-10-08,8.58,9.39,8.31,8.42,11300
2018-10-09,8.40,8.40,8.40,8.40,100
2018-10-10,8.26,8.38,8.18,8.38,1500
2018-10-11,9.22,9.22,7.87,7.87,64800
2018-10-12,7.96,8.09,7.91,8.09,55300
2018-10-15,8.08,8.70,8.08,8.64,26000
2018-10-16,8.64,8.64,8.64,8.64,0
2018-10-17,8.64,8.64,8.64,8.64,0
2018-10-18,8.64,8.64,8.64,8.64,200
2018-10-19,8.64,8.64,7.78,8.02,130200
2018-10-22,8.01,8.41,8.01,8.36,164600
2018-10-23,8.35,8.47,8.16,8.42,44700
2018-10-24,8.03,8.03,8.03,8.03,18000
2018-10-25,8.03,8.03,7.92,8.00,9400
2018-10-26,7.94,7.94,7.94,7.94,1000
2018-10-29,7.83,7.83,7.71,7.71,11200
2018-10-30,7.89,8.38,7.88,8.28,14200
2018-10-31,8.38,8.38,7.88,8.37,1600
2018-11-01,8.06,8.20,8.04,8.05,54600
2018-11-02,8.15,8.26,8.11,8.25,152600
2018-11-05,8.13,8.31,8.13,8.30,2700
2018-11-06,8.12,8.12,8.12,8.12,800
2018-11-07,8.16,8.16,8.14,8.16,2200
2018-11-08,8.16,8.16,8.16,8.16,0
2018-11-09,8.15,8.15,8.15,8.15,2000
2018-11-12,8.17,8.18,8.01,8.18,9000
2018-11-13,8.18,8.18,8.18,8.18,100
2018-11-14,8.18,8.18,8.18,8.18,0
2018-11-15,8.18,8.18,8.18,8.18,0
2018-11-16,8.18,8.18,8.18,8.18,0
2018-11-19,8.36,8.36,8.34,8.34,400
2018-11-20,8.34,8.34,8.34,8.34,0
2018-11-21,8.34,8.34,8.34,8.34,0
2018-11-22,8.34,8.34,8.34,8.34,0
2018-11-23,8.17,8.17,8.12,8.12,300
2018-11-26,8.08,8.08,8.00,8.03,42700
2018-11-27,8.08,8.08,8.08,8.08,5700
2018-11-28,8.08,8.08,8.08,8.08,0
2018-11-29,8.01,8.01,8.01,8.01,1000
2018-11-30,7.91,7.94,7.91,7.94,2900
2018-12-03,8.33,8.33,8.19,8.19,41800
2018-12-04,8.19,8.19,8.19,8.19,100
2018-12-05,8.19,8.19,8.19,8.19,0
2018-12-06,8.19,8.19,8.19,8.19,0
2018-12-07,7.99,7.99,7.99,7.99,2700
2018-12-10,7.91,7.99,7.91,7.99,4000
2018-12-11,7.99,7.99,7.99,7.99,0
2018-12-12,7.99,7.99,7.99,7.99,0
2018-12-13,7.99,8.08,7.99,8.08,3000
2018-12-14,8.08,8.08,8.08,8.08,900
2018-12-17,8.06,8.06,7.93,7.93,2700
2018-12-18,7.93,7.93,7.93,7.93,0
2018-12-19,7.86,7.86,7.86,7.86,100
2018-12-20,7.85,7.88,7.82,7.82,13700
2018-12-21,7.75,7.75,7.75,7.75,1000
2018-12-24,7.79,7.79,7.59,7.77,23800
2018-12-25,7.47,7.74,7.47,7.74,21000
2018-12-26,7.74,7.74,7.74,7.74,0
2018-12-27,7.74,7.74,7.74,7.74,0
2018-12-28,7.74,7.74,7.74,7.74,0
2019-01-02,7.47,7.47,7.47,7.47,1000
2019-01-03,7.47,7.47,7.47,7.47,0
2019-01-04,8.00,8.00,7.77,7.77,2200
2019-01-07,7.83,7.84,7.82,7.84,9100
2019-01-08,7.63,7.82,7.63,7.82,3300
2019-01-09,7.82,7.82,7.82,7.82,0
2019-01-10,7.73,7.89,7.73,7.73,19000
2019-01-11,7.75,7.76,7.75,7.76,1100
2019-01-14,7.69,7.69,7.69,7.69,1000
2019-01-15,7.80,7.83,7.80,7.83,44100
2019-01-16,8.00,8.02,7.99,8.02,10500
2019-01-17,7.96,8.03,7.82,8.02,11700
2019-01-18,7.89,8.10,7.88,8.08,1800
2019-01-21,8.00,8.03,7.99,8.03,3700
2019-01-22,8.10,8.10,8.07,8.07,2500
2019-01-23,8.07,8.07,8.07,8.07,0
2019-01-24,8.02,8.07,8.02,8.07,500
2019-01-25,7.96,8.16,7.96,8.16,8500
2019-01-28,8.08,8.08,8.06,8.06,1100
2019-01-29,8.06,8.06,8.06,8.06,0
2019-01-30,8.00,8.00,8.00,8.00,6100
2019-01-31,8.00,8.00,8.00,8.00,0
2019-02-01,8.00,8.00,8.00,8.00,0
2019-02-11,8.18,8.35,8.18,8.35,95600
2019-02-12,8.35,8.48,8.31,8.48,8800
2019-02-13,8.57,8.58,8.55,8.55,26500
2019-02-14,8.55,8.60,8.53,8.56,27500
2019-02-15,8.47,8.47,8.43,8.44,2400
2019-02-18,8.51,8.65,8.51,8.65,22000
2019-02-19,8.67,8.69,8.67,8.69,10100
2019-02-20,8.63,8.63,8.63,8.63,3400
2019-02-21,8.66,8.80,8.66,8.72,44400
2019-02-22,8.72,8.82,8.70,8.82,14300
2019-02-25,8.91,9.36,8.91,9.36,174500
2019-02-26,9.27,9.40,9.27,9.31,185400
2019-02-27,9.38,9.79,9.30,9.36,36041500
2019-02-28,9.36,9.36,9.27,9.29,11400
2019-03-01,9.28,9.35,9.28,9.31,851100
2019-03-04,9.40,9.73,9.40,9.61,192300
2019-03-05,9.60,9.65,9.59,9.65,22400
2019-03-06,9.70,9.70,9.65,9.67,38500
2019-03-07,9.66,9.70,9.63,9.70,65100
2019-03-08,9.46,9.46,9.34,9.34,26900
2019-03-11,9.34,9.34,9.34,9.34,0
2019-03-12,9.53,9.57,9.43,9.49,90200
2019-03-13,9.44,9.49,9.44,9.44,4100
2019-03-14,9.41,9.42,9.41,9.41,24000
2019-03-15,9.43,9.43,9.43,9.43,2000
2019-03-18,9.55,9.74,9.55,9.74,22300
2019-03-19,9.56,9.83,9.56,9.69,132900
2019-03-20,9.66,9.73,9.66,9.67,127800
2019-03-21,9.77,9.77,9.77,9.77,3400
2019-03-22,9.61,9.67,9.61,9.67,21000
2019-03-25,9.67,9.67,9.67,9.67,0
2019-03-26,9.39,9.39,9.35,9.35,10900
2019-03-27,9.46,9.46,9.46,9.46,1000
2019-03-28,9.46,9.46,9.46,9.46,1000
2019-03-29,9.53,9.79,9.53,9.79,30500
2019-04-01,9.79,10.06,9.79,10.06,95900
2019-04-02,10.06,10.08,10.02,10.03,56000
2019-04-03,10.03,10.18,10.03,10.17,165300
2019-04-04,10.23,10.32,10.22,10.32,203500
2019-04-08,10.32,10.41,10.29,10.29,37000
2019-04-09,10.29,10.33,10.29,10.32,6500
2019-04-10,10.22,10.39,10.22,10.30,7165500
2019-04-11,10.20,10.30,10.15,10.15,114300
2019-04-12,10.10,10.10,10.00,10.10,40900
2019-04-15,10.20,10.26,10.20,10.23,90100
2019-04-16,10.33,10.35,10.03,10.27,1016800
2019-04-17,10.30,10.35,10.27,10.31,283400
2019-04-18,10.24,10.31,10.24,10.25,95400
2019-04-19,10.35,10.35,10.26,10.35,25300
2019-04-22,10.34,10.34,10.06,10.08,13900
2019-04-23,10.09,10.14,10.08,10.14,18000
2019-04-24,10.14,10.16,10.04,10.09,442400
2019-04-25,10.09,10.09,10.09,10.09,10000
2019-04-26,9.95,9.95,9.78,9.78,238500
2019-04-29,9.76,9.90,9.76,9.90,50200
2019-04-30,9.80,9.81,9.80,9.81,3000
2019-05-06,9.46,9.50,9.20,9.20,510600
2019-05-07,9.33,9.96,9.33,9.95,191400
2019-05-08,10.05,10.36,9.20,9.29,74000
2019-05-09,10.15,10.17,9.16,10.14,13200
2019-05-10,10.04,10.04,9.13,9.41,341700
2019-05-13,9.33,9.38,9.24,9.24,30600
2019-05-14,9.23,9.31,9.20,9.20,260700
2019-05-15,9.32,9.42,9.25,9.42,237600
2019-05-16,9.32,9.49,9.32,9.49,101739600
2019-05-17,9.40,9.40,9.15,9.15,2716659
2019-05-20,9.21,9.21,9.05,9.11,1639600
2019-05-21,9.12,9.26,9.12,9.20,311200
2019-05-22,9.16,9.18,9.12,9.12,191100
2019-05-23,9.11,9.11,8.99,9.02,199482
2019-05-24,9.07,9.07,9.00,9.05,73400
2019-05-27,9.01,9.15,9.01,9.13,158782
2019-05-28,9.19,9.19,9.13,9.13,52100
2019-05-29,9.10,9.22,9.09,9.22,37000
2019-05-30,9.05,9.14,9.05,9.14,2200
2019-05-31,9.11,9.21,8.79,9.07,86500
2019-06-03,9.19,9.19,9.17,9.17,1100
2019-06-04,9.12,9.12,9.01,9.11,22700
2019-06-05,9.14,9.14,9.00,9.00,6300
2019-06-06,9.03,9.03,8.94,8.94,18300
2019-06-10,8.94,8.94,8.94,8.94,0
2019-06-11,9.12,9.29,9.12,9.24,63000
2019-06-12,9.24,9.35,9.16,9.35,10400
2019-06-13,9.20,9.31,9.20,9.31,12600
2019-06-14,9.33,9.33,9.33,9.33,400
2019-06-17,9.21,9.24,9.21,9.24,93200
2019-06-18,9.24,9.24,9.24,9.24,0
2019-06-19,9.37,9.54,9.37,9.51,75959
2019-06-20,9.44,9.60,9.44,9.60,18600
2019-06-21,9.65,9.73,9.39,9.65,69500
2019-06-24,9.70,9.70,9.47,9.67,24300
2019-06-25,9.60,9.60,9.40,9.56,15000
2019-06-26,9.56,9.56,9.56,9.56,0
2019-06-27,9.64,9.84,9.64,9.78,6156000
2019-06-28,9.70,9.85,9.70,9.85,13400
2019-07-01,9.95,10.41,9.93,10.02,5149700
2019-07-02,10.40,10.40,10.02,10.02,21400
2019-07-03,9.25,10.20,9.25,9.85,17400
2019-07-04,9.97,10.30,9.74,9.98,22600
2019-07-05,9.78,9.96,9.78,9.95,2200
2019-07-08,9.77,9.77,9.60,9.74,39700
2019-07-09,9.49,10.00,9.49,9.75,10300
2019-07-10,10.00,10.00,9.75,9.75,70000
2019-07-11,9.70,9.74,9.55,9.74,51200
2019-07-12,10.35,10.41,9.65,9.79,36600
2019-07-15,9.48,9.80,9.48,9.80,2400
2019-07-16,9.82,9.83,9.70,9.74,654300
2019-07-17,9.62,9.76,9.62,9.76,1200
2019-07-18,9.68,9.69,9.54,9.58,199600
2019-07-19,9.73,9.81,9.73,9.80,571000
2019-07-22,9.75,9.75,9.59,9.74,14400
2019-07-23,9.84,9.84,9.70,9.72,267700
2019-07-24,9.87,9.87,9.72,9.72,8100
2019-07-25,9.73,9.85,9.73,9.85,30900
2019-07-26,9.80,9.83,9.78,9.83,6600
2019-07-29,9.83,9.83,9.81,9.81,7000
2019-07-30,9.90,9.90,9.90,9.90,30500
2019-07-31,9.89,9.89,9.85,9.85,300
2019-08-01,9.75,9.75,9.68,9.69,200600
2019-08-02,9.58,9.63,9.58,9.63,27000
2019-08-05,9.55,9.60,9.45,9.45,20300
2019-08-06,9.26,9.26,9.14,9.26,117600
2019-08-07,9.29,9.29,9.28,9.28,100700
2019-08-08,9.31,9.45,9.31,9.45,7200
2019-08-09,9.39,9.39,9.26,9.26,108100
2019-08-12,9.35,9.35,9.35,9.35,106800
2019-08-13,10.00,10.00,9.22,9.22,3800
2019-08-14,9.31,9.40,9.31,9.40,200
2019-08-15,9.31,9.32,9.31,9.32,300
2019-08-16,9.41,9.41,9.41,9.41,100
2019-08-19,9.50,9.64,9.50,9.64,1600
2019-08-20,9.73,9.73,9.67,9.67,42200
2019-08-21,9.65,9.65,9.65,9.65,100
2019-08-22,9.65,9.65,9.65,9.65,0
2019-08-23,9.76,9.80,9.76,9.80,10200
2019-08-26,9.68,10.40,9.62,9.72,1210100
2019-08-27,9.71,9.87,9.71,9.87,1206700
2019-08-28,9.61,9.75,9.61,9.74,10100
2019-08-29,9.74,9.74,9.73,9.73,16600
2019-08-30,9.64,9.81,9.64,9.75,13100
2019-09-02,9.82,9.84,9.82,9.84,11900
2019-09-03,9.83,9.87,9.81,9.85,36000
2019-09-04,9.89,9.90,9.86,9.90,32500
2019-09-05,9.90,10.14,9.90,10.06,219100
2019-09-06,10.06,10.14,10.06,10.14,457600
2019-09-09,10.24,10.24,10.18,10.19,690600
2019-09-10,10.12,10.17,10.10,10.14,365100
2019-09-11,10.11,10.11,10.08,10.08,185900
2019-09-12,10.02,10.16,10.02,10.16,57700
2019-09-16,10.16,10.20,10.14,10.14,34100
2019-09-17,10.07,10.07,9.98,9.98,153700
2019-09-18,10.02,10.06,10.02,10.06,111000
2019-09-19,10.02,10.08,10.01,10.08,275800
2019-09-20,10.03,10.08,10.03,10.07,274800
2019-09-23,9.93,10.00,9.91,10.00,1017300
2019-09-24,10.05,10.10,10.02,10.05,376700
2019-09-25,9.96,10.00,9.96,10.00,43600
2019-09-26,9.90,9.91,9.88,9.88,305600
2019-09-27,9.91,9.91,9.83,9.86,674300
2019-09-30,9.76,9.86,9.76,9.78,117400
2019-10-08,9.81,9.89,9.81,9.86,594400
2019-10-09,9.75,9.85,9.75,9.85,101200
2019-10-10,9.83,9.95,9.83,9.94,154800
2019-10-11,9.94,10.04,9.92,10.02,273000
2019-10-14,10.11,10.17,10.09,10.13,308400
2019-10-15,10.07,10.10,10.02,10.02,347700
2019-10-16,10.10,10.13,10.02,10.02,46100
2019-10-17,10.05,10.05,10.00,10.02,73600
2019-10-18,10.04,10.06,9.86,9.89,131000
2019-10-21,9.85,9.93,9.85,9.87,61600
2019-10-22,9.95,9.98,9.93,9.98,4500
2019-10-23,9.89,9.93,9.89,9.93,1200
2019-10-24,9.94,9.94,9.88,9.89,6200
2019-10-25,9.90,9.95,9.89,9.93,100300
2019-10-28,9.98,10.01,9.94,10.01,429000
2019-10-29,9.98,9.98,9.97,9.97,29000
2019-10-30,9.92,9.92,9.92,9.92,5000
2019-10-31,9.91,9.94,9.90,9.90,107200
2019-11-01,9.97,10.09,9.97,10.08,270700
2019-11-04,10.14,10.25,10.13,10.21,1869200
2019-11-05,10.22,10.41,10.20,10.30,1587200
2019-11-06,10.29,10.30,10.25,10.25,532600
2019-11-07,10.27,10.32,10.26,10.26,782900
2019-11-08,10.34,10.34,10.25,10.25,162800
2019-11-11,10.15,10.15,10.09,10.09,37700
2019-11-12,10.11,10.11,10.05,10.05,13500
2019-11-13,10.05,10.09,10.05,10.09,25100
2019-11-14,10.08,10.10,10.08,10.10,62100
2019-11-15,10.07,10.10,10.05,10.07,61600
2019-11-18,10.03,10.07,10.01,10.07,86000
2019-11-19,10.12,10.18,10.12,10.18,10400
2019-11-20,10.16,10.16,10.08,10.08,12000
2019-11-21,10.03,10.06,10.03,10.03,12500
2019-11-22,10.08,10.10,9.94,9.94,26700
2019-11-25,9.91,10.00,9.91,10.00,2800
2019-11-26,10.07,10.07,10.01,10.01,20300
2019-11-27,10.01,10.05,10.01,10.02,13400
2019-11-28,10.02,10.02,10.02,10.02,0
2019-11-29,9.92,9.92,9.91,9.91,60000
2019-12-02,9.98,9.98,9.91,9.92,3900
2019-12-03,9.86,9.93,9.85,9.93,54600
2019-12-04,9.92,9.93,9.92,9.92,102100
2019-12-05,10.02,10.03,9.99,10.03,100000
2019-12-06,10.05,10.05,10.05,10.05,30000
2019-12-09,10.11,10.11,10.06,10.07,35700
2019-12-10,10.02,10.06,10.02,10.05,86400
2019-12-11,10.05,10.05,10.05,10.05,0
2019-12-12,10.05,10.05,10.05,10.05,0
2019-12-13,10.12,10.20,10.12,10.20,45800
2019-12-16,10.22,10.28,10.22,10.28,37800
2019-12-17,10.32,10.49,10.32,10.44,106600
2019-12-18,10.44,10.44,10.37,10.37,41900
2019-12-19,10.37,10.37,10.37,10.37,0
2019-12-20,10.41,10.41,10.36,10.36,247400
2019-12-23,10.36,10.36,10.36,10.36,0
2019-12-24,10.30,10.30,10.25,10.25,3800
2019-12-25,10.25,10.25,10.25,10.25,1000
2019-12-26,10.33,10.33,10.29,10.33,56500
2019-12-27,10.41,10.42,10.33,10.33,839800
2019-12-30,10.34,10.45,10.34,10.45,93700
2019-12-31,10.35,10.50,10.35,10.50,342500
2020-01-02,10.60,10.68,10.60,10.62,382200
2020-01-03,10.66,10.66,10.57,10.64,172900
2020-01-06,10.63,10.67,10.56,10.57,107900
2020-01-07,10.60,10.65,10.60,10.62,257700
2020-01-08,10.57,10.60,10.51,10.51,433800
2020-01-09,10.61,10.62,10.58,10.62,361300
2020-01-10,10.62,10.63,10.60,10.63,385300
2020-01-13,10.60,10.72,10.60,10.72,595600
2020-01-14,10.78,10.79,10.72,10.79,1808200
2020-01-15,10.76,10.79,10.73,10.73,166100
2020-01-16,10.71,10.71,10.69,10.69,110000
2020-01-17,10.74,10.74,10.65,10.69,403400
2020-01-20,10.72,10.79,10.72,10.78,318000
2020-01-21,10.63,10.65,10.56,10.56,403800
2020-01-22,10.42,10.65,10.42,10.65,324100
2020-01-23,10.49,10.53,10.18,10.30,176200
2020-02-03,10.00,10.00,9.27,9.27,1501800
2020-02-04,9.36,9.63,9.36,9.63,402000
2020-02-05,9.71,9.86,9.71,9.81,124900
2020-02-06,9.75,9.99,9.75,9.87,294200
2020-02-07,9.87,10.00,9.84,9.99,1888000
2020-02-10,10.00,10.08,9.80,10.04,327300
2020-02-11,10.13,10.14,10.11,10.13,830700
2020-02-12,10.03,10.22,10.02,10.20,102200
2020-02-13,10.24,10.24,10.15,10.15,42800
2020-02-14,10.18,10.22,10.18,10.18,3000
2020-02-17,10.27,10.39,10.27,10.39,31800
2020-02-18,10.42,10.45,10.34,10.38,35900
2020-02-19,10.42,10.42,10.40,10.40,28400
2020-02-20,10.48,10.51,10.48,10.51,50800
2020-02-21,10.60,10.72,10.60,10.72,1911500
2020-02-24,10.72,10.90,10.63,10.63,60000
2020-02-25,10.54,10.56,10.54,10.56,3800
2020-02-26,10.90,10.90,10.51,10.51,225400
2020-02-27,10.37,10.53,10.37,10.53,1500
2020-02-28,10.50,10.50,10.21,10.21,17200
2020-03-02,10.36,10.54,10.36,10.53,16900
2020-03-03,10.53,10.79,10.53,10.56,17000
2020-03-04,10.56,10.98,10.56,10.97,32800
2020-03-05,11.61,11.61,10.64,10.98,299600
2020-03-06,10.87,10.90,10.79,10.88,126300
2020-03-09,10.80,10.80,10.41,10.44,134500
2020-03-10,10.34,10.80,10.11,10.65,78700
2020-03-11,10.54,10.58,10.54,10.58,11300
2020-03-12,10.54,10.54,10.16,10.16,5900
2020-03-13,10.14,10.49,9.88,10.00,116300
2020-03-16,10.10,10.10,9.88,9.88,4900
2020-03-17,10.45,10.45,9.60,10.34,51500
2020-03-18,10.24,10.24,9.70,10.22,13000
2020-03-19,10.12,10.22,9.70,10.14,11000
2020-03-20,10.14,10.14,9.80,10.14,3800
2020-03-23,11.00,11.00,9.20,9.20,297700
2020-03-24,9.20,9.72,9.20,9.39,174300
2020-03-25,9.48,9.98,9.48,9.87,107800
2020-03-26,9.80,9.80,9.61,9.65,54600
2020-03-27,9.75,10.50,9.66,9.66,84400
2020-03-30,9.47,9.53,9.43,9.49,37400
2020-03-31,9.56,9.59,9.53,9.53,425000
2020-04-01,9.53,9.63,9.47,9.47,61200
2020-04-02,9.47,9.65,9.47,9.65,48200
2020-04-03,9.60,9.62,9.60,9.62,6400
2020-04-07,9.63,9.78,9.63,9.78,124400
2020-04-08,9.72,9.72,9.70,9.70,113300
2020-04-09,9.74,9.76,9.73,9.74,82100
2020-04-10,9.74,9.76,9.66,9.66,67600
2020-04-13,9.60,9.70,9.60,9.62,24300
2020-04-14,9.70,9.84,9.70,9.84,33500
2020-04-15,9.82,9.84,9.82,9.84,16000
2020-04-16,9.73,9.74,9.73,9.74,9100
2020-04-17,9.83,9.96,9.83,9.90,30237400
2020-04-20,9.88,9.93,9.88,9.93,206200
2020-04-21,9.80,9.81,9.71,9.81,33200
2020-04-22,9.76,9.85,9.76,9.83,19900
2020-04-23,9.85,9.93,9.85,9.85,28300
2020-04-24,9.83,9.83,9.76,9.76,8700
2020-04-27,9.76,9.90,9.76,9.81,7200
2020-04-28,9.89,9.94,9.74,9.90,13700
2020-04-29,9.89,9.96,9.88,9.93,8500
2020-04-30,10.03,10.10,10.03,10.10,41500
2020-05-06,9.97,10.16,9.97,10.16,4600
2020-05-07,10.13,10.13,10.07,10.07,21700
2020-05-08,10.12,10.22,10.12,10.22,37900
2020-05-11,10.29,10.29,10.17,10.18,12700
2020-05-12,10.18,10.18,10.13,10.18,800
2020-05-13,10.12,10.23,10.12,10.23,152000
2020-05-14,10.12,10.17,10.12,10.12,1600
2020-05-15,10.12,10.12,10.05,10.05,1100
2020-05-18,10.05,10.11,10.05,10.11,11100
2020-05-19,10.18,10.19,10.17,10.17,10900
2020-05-20,10.14,10.14,10.10,10.10,1100
2020-05-21,10.12,10.14,10.10,10.14,13600
2020-05-22,9.84,9.84,9.84,9.84,4500
2020-05-25,9.80,9.85,9.80,9.81,6700
2020-05-26,9.90,9.98,9.90,9.98,6000
2020-05-27,10.00,10.00,9.89,9.89,5100
2020-05-28,9.92,9.98,9.82,9.90,11700
2020-05-29,9.97,9.97,9.94,9.94,6200
2020-06-01,10.04,10.23,10.04,10.21,10200
2020-06-02,10.23,10.29,10.23,10.26,5200
2020-06-03,10.35,10.35,10.35,10.35,300
2020-06-04,10.35,10.35,10.25,10.26,49500
2020-06-05,10.26,10.30,10.26,10.30,3600
2020-06-08,10.40,10.42,10.36,10.36,5000
2020-06-09,10.42,10.43,10.42,10.43,22900
2020-06-10,10.42,10.42,10.41,10.42,47000
2020-06-11,10.38,10.40,10.30,10.30,2200
2020-06-12,10.13,10.35,10.13,10.32,23800
2020-06-15,10.33,10.33,10.30,10.30,600
2020-06-16,10.32,10.36,10.31,10.36,3800
2020-06-17,10.37,10.37,10.33,10.35,1700
2020-06-18,10.35,10.43,10.35,10.42,132500
2020-06-19,10.51,10.57,10.51,10.57,23200
2020-06-22,10.62,10.62,10.57,10.57,800
2020-06-23,10.61,10.61,10.61,10.61,14100
2020-06-24,10.62,10.70,10.62,10.66,18900
2020-06-29,10.66,10.66,10.58,10.58,51200
2020-06-30,10.59,10.80,10.59,10.76,1100
2020-07-01,10.78,10.98,10.78,10.98,26900
2020-07-02,10.99,11.24,10.99,11.24,108000
2020-07-03,11.21,11.41,11.20,11.39,43000
2020-07-06,11.46,12.36,11.46,12.36,190900
2020-07-07,12.50,13.40,12.23,12.23,855400
2020-07-08,12.23,12.43,12.12,12.38,684100
2020-07-09,12.39,12.56,12.38,12.51,424900
2020-07-10,12.40,13.76,11.27,13.76,9367900
2020-07-13,12.38,13.00,12.38,12.69,7287000
2020-07-14,12.65,12.65,12.22,12.45,987200
2020-07-15,12.52,12.54,12.30,12.30,390400
2020-07-16,12.30,12.37,11.69,11.72,614900
2020-07-17,11.72,11.92,11.69,11.85,200900
2020-07-20,11.88,12.19,11.85,12.17,258100
2020-07-21,12.24,12.27,12.18,12.20,187500
2020-07-22,12.20,12.43,12.20,12.27,518200
2020-07-23,12.11,12.27,12.00,12.25,240100
2020-07-24,12.24,12.24,11.68,11.70,159300
2020-07-27,11.82,11.82,11.66,11.76,24400
2020-07-28,11.89,11.89,11.79,11.79,52600
2020-07-29,11.81,12.18,11.81,12.18,115700
2020-07-30,12.18,12.19,12.08,12.09,60500
2020-07-31,12.16,12.29,12.04,12.17,141800
2020-08-03,12.29,12.38,12.26,12.36,207700
2020-08-04,12.39,12.45,12.32,12.36,121100
2020-08-05,12.29,12.39,12.28,12.37,43800
2020-08-06,12.41,12.41,12.17,12.32,77400
2020-08-07,12.29,12.31,12.05,12.20,53500
2020-08-10,12.19,12.34,12.13,12.27,46000
2020-08-11,12.28,12.45,12.14,12.16,50400
2020-08-12,12.17,12.17,11.87,12.05,64800
2020-08-13,12.06,12.13,12.05,12.05,16500
2020-08-14,12.10,12.24,12.10,12.23,289100
2020-08-17,12.22,12.57,12.22,12.50,407300
2020-08-18,12.53,12.54,12.46,12.48,134300
2020-08-19,12.47,12.48,12.32,12.32,572700
2020-08-20,12.29,12.29,12.11,12.15,433000
2020-08-21,12.22,12.30,12.19,12.25,28500
2020-08-24,12.30,12.38,12.30,12.36,74700
2020-08-25,12.39,12.48,12.34,12.34,45100
2020-08-26,12.33,12.44,12.19,12.20,126400
2020-08-27,12.27,12.29,12.18,12.28,19500
2020-08-28,12.35,12.59,12.33,12.57,208600
2020-08-31,12.64,12.79,12.61,12.61,3295600
2020-09-01,12.51,12.58,12.51,12.55,18100
2020-09-02,12.67,12.67,12.56,12.64,62400
2020-09-03,12.61,12.72,12.57,12.57,44100
2020-09-04,12.37,12.46,12.35,12.46,14900
2020-09-07,12.41,12.50,12.18,12.19,98800
2020-09-08,12.17,12.29,12.11,12.24,47600
2020-09-09,12.11,12.11,11.95,11.98,34500
2020-09-10,12.16,12.16,11.99,11.99,40900
2020-09-11,12.00,12.09,12.00,12.09,47500
2020-09-14,12.17,12.20,12.11,12.13,6000
2020-09-15,12.13,12.24,12.13,12.22,6000
2020-09-16,12.22,12.23,12.22,12.23,20600
2020-09-17,12.10,12.13,12.10,12.13,54200
2020-09-18,12.14,12.36,12.14,12.36,8500
2020-09-21,12.41,12.45,12.29,12.29,44500
2020-09-22,12.27,12.27,12.11,12.13,5000
2020-09-23,12.11,12.17,12.11,12.16,1100
2020-09-24,12.11,12.11,12.00,12.00,6900
2020-09-25,11.92,11.97,11.92,11.97,55000
2020-09-28,12.00,12.00,11.99,11.99,70800
2020-09-29,12.03,12.06,12.01,12.03,100400
2020-09-30,12.03,12.03,12.03,12.03,0
2020-10-09,12.17,12.22,12.17,12.22,800
2020-10-12,12.22,12.60,12.22,12.60,42400
2020-10-13,12.52,12.66,12.51,12.65,20900
2020-10-14,12.59,12.59,12.53,12.53,3000
2020-10-15,12.52,12.57,12.52,12.57,11700
2020-10-16,12.53,12.56,12.51,12.52,14800
2020-10-19,12.64,12.65,12.45,12.45,9400
2020-10-20,12.42,12.45,12.42,12.45,600
2020-10-21,12.44,12.44,12.44,12.44,10000
2020-10-22,12.43,12.43,12.41,12.42,12300
2020-10-23,12.50,12.56,12.33,12.33,51200
2020-10-26,12.24,12.24,12.24,12.24,1000
2020-10-27,12.24,12.28,12.24,12.28,12700
2020-10-28,12.29,12.41,12.29,12.41,1600
2020-10-29,12.29,12.51,12.29,12.51,2200
2020-10-30,12.43,12.45,12.26,12.26,2500
2020-11-02,12.23,12.35,12.23,12.33,3400
2020-11-03,12.33,12.51,12.33,12.48,6700
2020-11-04,12.47,12.47,12.47,12.47,400
2020-11-05,12.48,12.78,12.48,12.77,27000
2020-11-06,12.45,12.76,12.45,12.68,3600
2020-11-09,12.78,13.08,12.78,13.02,396600
2020-11-10,12.99,13.00,12.90,12.90,8600
2020-11-11,12.90,12.93,12.82,12.82,13900
2020-11-12,12.82,12.82,12.81,12.81,4500
2020-11-13,12.65,12.70,12.65,12.70,3400
2020-11-16,12.78,12.79,12.78,12.79,55100
2020-11-17,12.77,12.80,12.77,12.80,33000
2020-11-18,12.81,12.81,12.75,12.75,7500
2020-11-19,12.77,12.83,12.77,12.83,1900
2020-11-20,12.90,12.90,12.90,12.90,100
2020-11-23,12.99,13.11,12.99,13.07,38700
2020-11-24,12.98,12.98,12.96,12.96,21100
2020-11-25,13.03,13.03,12.83,12.83,53700
2020-11-26,12.76,12.80,12.76,12.80,3600
2020-11-27,12.90,12.92,12.90,12.92,1300
2020-11-30,13.05,13.05,13.02,13.02,4600
2020-12-01,13.10,13.21,13.10,13.21,100000
2020-12-02,13.22,13.24,13.22,13.24,52100
2020-12-03,13.20,13.20,13.20,13.20,150400
2020-12-04,13.15,13.21,13.12,13.21,43800
2020-12-07,13.17,13.17,13.11,13.11,13100
2020-12-08,13.10,13.11,13.04,13.04,18200
2020-12-09,13.08,13.08,13.00,13.00,10000
2020-12-10,12.88,12.95,12.86,12.87,50400
2020-12-11,12.88,12.90,12.68,12.74,56200
2020-12-14,12.75,12.79,12.75,12.79,3100
2020-12-15,12.81,12.83,12.81,12.83,43200
2020-12-16,12.90,12.93,12.86,12.90,9600
2020-12-17,12.97,13.06,12.97,13.06,9800
2020-12-18,13.07,13.07,13.00,13.00,1100
2020-12-21,13.00,13.16,12.98,13.16,41800
2020-12-22,13.16,13.16,13.08,13.08,41600
2020-12-23,13.05,13.13,13.05,13.13,200
2020-12-24,13.00,13.05,13.00,13.05,400
2020-12-25,13.04,13.14,13.04,13.14,3100
2020-12-28,13.23,13.23,13.23,13.23,15000
2020-12-29,13.23,13.23,13.16,13.16,17200
2020-12-30,13.28,13.31,13.28,13.31,15200
2020-12-31,13.32,13.63,13.32,13.63,129800
2021-01-04,13.64,13.81,13.60,13.81,507200
2021-01-05,13.77,14.03,13.77,14.03,17300
2021-01-06,14.02,14.19,14.00,14.00,100700
2021-01-07,14.01,14.30,14.01,14.30,391500
2021-01-08,14.43,14.46,14.24,14.35,320900
2021-01-11,14.36,14.50,14.20,14.20,506300
2021-01-12,14.20,14.61,14.12,14.60,89400
2021-01-13,14.60,14.63,14.50,14.50,10500
2021-01-14,14.50,14.50,14.31,14.31,9600
2021-01-15,14.22,14.34,14.10,14.23,26000
2021-01-18,14.22,14.45,14.20,14.40,54000
2021-01-19,14.33,14.35,14.10,14.14,53500
2021-01-20,14.17,14.31,14.14,14.31,11100
2021-01-21,14.32,14.58,14.32,14.56,19600
2021-01-22,14.57,14.57,14.41,14.52,245400
2021-01-25,14.52,14.77,14.52,14.70,112600
2021-01-26,14.54,14.56,14.35,14.36,53000
2021-01-27,14.41,14.42,14.20,14.41,35400
2021-01-28,14.18,14.19,13.94,13.97,191700
2021-01-29,14.13,14.14,13.79,13.95,74900
2021-02-01,13.95,14.11,13.95,14.11,115700
2021-02-02,14.15,14.30,14.12,14.30,6200
2021-02-03,14.33,14.36,14.30,14.30,2100
2021-02-04,14.30,14.30,14.11,14.27,51400
2021-02-05,14.37,14.46,14.30,14.30,39800
2021-02-08,14.35,14.50,14.26,14.47,228800
2021-02-09,14.47,14.83,14.46,14.83,44800
2021-02-10,14.89,15.17,14.89,15.15,161900
2021-02-18,15.32,15.32,14.94,14.95,167700
2021-02-19,14.93,15.05,14.73,15.05,83500
2021-02-22,15.05,15.05,14.59,14.59,686600
2021-02-23,14.56,14.68,14.50,14.50,767500
2021-02-24,14.57,14.58,13.98,14.15,144000
2021-02-25,14.20,14.40,14.20,14.23,206800
2021-02-26,14.22,14.22,13.85,13.97,1104100
2021-03-01,14.13,14.19,14.05,14.12,933300
2021-03-02,14.13,14.23,13.90,13.96,68300
2021-03-03,13.95,14.20,13.95,14.20,5700
2021-03-04,14.06,14.07,13.78,13.80,54100
2021-03-05,13.64,13.85,13.55,13.79,34100
2021-03-08,13.78,13.78,13.27,13.28,50200
2021-03-09,13.22,13.32,12.94,13.04,129500
2021-03-10,13.22,13.23,13.14,13.14,37800
2021-03-11,13.19,13.46,13.19,13.38,35400
2021-03-12,13.44,13.50,13.34,13.50,10100
2021-03-15,13.50,13.50,13.10,13.19,36100
2021-03-16,13.21,13.31,13.19,13.31,37600
2021-03-17,13.22,13.27,13.22,13.27,200
2021-03-18,13.48,13.48,13.40,13.46,57600
2021-03-19,13.48,13.48,13.07,13.11,48200
2021-03-22,13.10,13.26,13.10,13.23,42200
2021-03-23,13.22,13.22,13.07,13.11,112000
2021-03-24,13.10,13.15,12.90,12.94,135800
2021-03-25,12.93,12.95,12.82,12.94,16700
2021-03-26,12.95,13.21,12.95,13.19,13000
2021-03-29,13.22,13.33,13.20,13.26,10700
2021-03-30,13.24,13.37,13.24,13.37,25200
2021-03-31,13.31,13.31,13.17,13.23,1800
2021-04-01,13.24,13.38,13.24,13.38,1400
2021-04-02,13.39,13.57,13.39,13.57,11086400
2021-04-06,13.58,13.58,13.50,13.53,10504000
2021-04-07,13.52,13.52,13.35,13.35,24000
2021-04-08,13.42,13.45,13.38,13.45,10700
2021-04-09,13.45,13.45,13.25,13.26,400
2021-04-12,13.26,13.26,13.01,13.01,2100
2021-04-13,13.02,13.11,12.97,12.97,4600
2021-04-14,12.97,13.05,12.97,13.05,1500
2021-04-15,12.95,12.98,12.95,12.97,600500
2021-04-16,12.97,13.06,12.92,13.05,3900
2021-04-19,13.05,13.33,13.05,13.33,6700
2021-04-20,13.34,13.40,13.34,13.35,2800
2021-04-21,13.32,13.41,13.32,13.41,7500
2021-04-22,13.43,13.43,13.32,13.34,45100
2021-04-23,13.39,13.51,13.39,13.47,8600
2021-04-26,13.53,13.58,13.35,13.35,20800
2021-04-27,13.36,14.00,13.29,13.36,36900
2021-04-28,13.35,13.42,13.35,13.42,2400
2021-04-29,13.51,13.58,13.47,13.54,15100
2021-04-30,13.55,13.55,13.46,13.46,2800
2021-05-06,13.40,13.43,13.26,13.34,8300
2021-05-07,13.31,13.34,13.12,13.15,16700
2021-05-10,13.11,13.17,13.11,13.12,184300
2021-05-11,13.12,13.23,12.94,13.17,20500
2021-05-12,13.21,13.30,13.14,13.29,1900
2021-05-13,13.14,13.14,13.12,13.14,2600
2021-05-14,13.37,13.46,13.37,13.41,2400
2021-05-17,13.64,13.66,13.59,13.62,6100
2021-05-18,13.74,13.74,13.58,13.61,16600
2021-05-19,13.56,13.65,13.56,13.58,24000
2021-05-20,13.59,13.65,13.55,13.64,54100
2021-05-21,13.64,13.72,13.50,13.50,60000
2021-05-24,13.45,13.52,13.44,13.52,52100
2021-05-25,13.53,14.00,13.53,14.00,121200
2021-05-26,14.04,14.04,13.96,13.96,185000
2021-05-27,13.96,14.08,13.96,14.02,55400
2021-05-28,13.96,14.07,13.95,14.00,131500
2021-05-31,13.98,13.98,13.95,13.98,11900
2021-06-01,13.97,14.01,13.88,13.99,103000
2021-06-02,14.01,14.03,13.90,13.95,32500
2021-06-03,13.91,13.92,13.84,13.86,17700
2021-06-04,13.85,14.03,13.80,14.03,60300
2021-06-07,13.93,13.93,13.80,13.89,312900
2021-06-08,13.91,14.00,13.72,13.76,19700
2021-06-09,13.77,13.80,13.77,13.78,19800
2021-06-10,13.92,13.92,13.87,13.91,22200
2021-06-11,13.86,13.91,13.76,13.77,39800
2021-06-15,13.82,13.82,13.58,13.60,8100
2021-06-16,13.61,13.61,13.41,13.41,61200
2021-06-17,13.45,13.51,13.41,13.45,39400
2021-06-18,13.54,13.57,13.46,13.53,14816700
2021-06-21,13.54,13.54,13.36,13.43,6200
2021-06-22,13.48,13.50,13.47,13.50,9600
2021-06-23,13.55,13.65,13.55,13.59,2500
2021-06-24,13.56,13.61,13.56,13.59,26800
2021-06-25,13.63,13.88,13.63,13.85,15500
2021-06-28,13.85,13.93,13.85,13.85,8900
2021-06-29,13.82,13.82,13.73,13.75,20500
2021-06-30,13.78,13.80,13.76,13.78,3200
2021-07-01,13.85,13.87,13.78,13.86,136500
2021-07-02,13.53,13.55,13.46,13.46,15300
2021-07-05,13.44,13.49,13.43,13.49,84500
2021-07-06,13.43,13.50,13.32,13.50,79800
2021-07-07,13.63,13.63,13.45,13.61,18600
2021-07-08,13.61,13.61,13.46,13.50,30100
2021-07-09,13.50,13.50,13.36,13.47,12800
2021-07-12,13.60,13.66,13.60,13.66,4900
2021-07-13,13.66,13.66,13.62,13.62,2100
2021-07-14,13.54,13.60,13.49,13.60,3600
2021-07-15,13.51,13.70,13.50,13.70,1100
2021-07-16,13.67,13.68,13.66,13.66,4700
2021-07-19,13.48,13.60,13.48,13.60,21000
2021-07-20,13.57,13.57,13.57,13.57,400
2021-07-21,13.55,13.72,13.55,13.72,20900
2021-07-22,13.69,13.71,13.69,13.71,500
2021-07-23,13.56,13.63,13.56,13.63,1400
2021-07-26,13.34,13.34,13.00,13.16,666200
2021-07-27,13.16,13.16,12.71,12.71,82500
2021-07-28,12.65,12.68,12.49,12.68,7800
2021-07-29,12.88,12.99,12.88,12.96,6400
2021-07-30,12.76,12.76,12.76,12.76,600
2021-08-02,12.74,13.04,12.74,13.04,17700
2021-08-03,13.14,13.24,13.14,13.18,21400
2021-08-04,13.25,13.28,13.20,13.28,3200
2021-08-05,13.30,13.30,13.20,13.20,9100
2021-08-06,13.13,13.14,13.13,13.14,23900
2021-08-09,13.17,13.33,13.17,13.30,3200
2021-08-10,13.24,13.28,13.24,13.28,400
2021-08-11,13.33,13.49,13.33,13.41,22200
2021-08-12,13.31,13.36,13.29,13.30,1000
2021-08-13,13.20,13.31,13.20,13.20,25900
2021-08-16,13.20,13.20,13.20,13.20,400
2021-08-17,13.22,13.22,12.93,12.97,19200
2021-08-18,12.98,13.00,12.98,13.00,700
2021-08-19,13.04,13.05,13.00,13.03,5000
2021-08-20,12.82,12.82,12.67,12.80,6300
2021-08-23,12.93,12.98,12.91,12.94,13100
2021-08-24,13.09,13.09,13.09,13.09,900
2021-08-25,13.08,13.12,13.08,13.12,7400
2021-08-26,12.96,12.96,12.91,12.91,11000
2021-08-27,12.94,13.01,12.94,12.94,4700
2021-08-30,12.99,12.99,12.89,12.89,28400
2021-08-31,12.93,12.93,12.77,12.85,8300
2021-09-01,12.87,13.09,12.84,13.08,15400
2021-09-02,13.05,13.05,13.00,13.00,19900
2021-09-03,13.03,13.03,12.95,13.02,20000
2021-09-06,12.99,13.26,12.99,13.26,90000
2021-09-07,13.36,13.37,13.18,13.37,46000
2021-09-08,13.33,13.33,13.33,13.33,800
2021-09-09,13.28,13.29,13.25,13.29,2500
2021-09-10,13.36,13.48,13.36,13.48,6500
2021-09-13,13.45,13.45,13.36,13.36,14600
2021-09-14,13.38,13.38,13.16,13.16,5000
2021-09-15,13.10,13.14,13.04,13.04,10700
2021-09-16,12.96,12.96,12.96,12.96,100
2021-09-17,12.90,13.05,12.90,13.05,500
2021-09-22,13.01,13.01,12.82,12.87,7500
2021-09-23,12.93,13.08,12.93,13.03,17200
2021-09-24,13.10,13.15,13.05,13.05,20800
2021-09-27,13.07,13.18,13.04,13.04,5800
2021-09-28,13.10,13.10,13.10,13.10,100
2021-09-29,12.92,13.03,12.92,13.03,14800
2021-09-30,13.02,13.04,13.02,13.04,4700
2021-10-08,13.20,13.22,13.20,13.22,1400
2021-10-11,13.28,13.31,13.27,13.27,42600
2021-10-12,13.14,13.20,13.05,13.05,4500
2021-10-13,13.07,13.28,13.07,13.27,3800
2021-10-14,13.19,13.20,13.18,13.20,4100
2021-10-15,13.23,13.23,13.23,13.23,800
2021-10-18,13.06,13.09,13.05,13.09,70500
2021-10-19,13.17,13.21,13.17,13.21,1400
2021-10-20,13.16,13.20,13.15,13.20,2500
2021-10-21,13.23,13.23,13.18,13.18,5800
2021-10-22,13.23,13.32,13.23,13.32,22200
2021-10-25,13.24,13.38,13.24,13.38,32500
2021-10-26,13.35,13.40,13.32,13.32,31800
2021-10-27,13.15,13.15,13.15,13.15,2000
2021-10-28,13.11,13.11,13.07,13.07,3900
2021-10-29,13.04,13.12,13.04,13.12,1800
2021-11-01,13.13,13.13,13.13,13.13,10000
2021-11-02,13.13,13.13,12.91,12.93,2500
2021-11-03,12.96,12.96,12.94,12.95,2100
2021-11-04,13.04,13.08,13.04,13.08,2000
2021-11-05,13.00,13.00,13.00,13.00,5500
2021-11-08,13.00,13.01,13.00,13.01,1900
2021-11-09,12.96,13.01,12.96,13.01,2000
2021-11-10,12.94,12.94,12.80,12.87,2200
2021-11-11,13.08,13.10,13.08,13.10,2000
2021-11-12,13.10,13.10,13.10,13.10,100
2021-11-15,13.17,13.17,13.06,13.10,47700
2021-11-16,13.13,13.13,13.10,13.10,700
2021-11-17,13.09,13.10,13.08,13.10,40300
2021-11-18,13.00,13.00,13.00,13.00,8900
2021-11-19,13.14,13.14,13.11,13.11,11000
2021-11-22,13.13,13.20,13.13,13.18,12900
2021-11-23,13.20,13.20,13.20,13.20,1500
2021-11-24,13.20,13.20,13.20,13.20,100
2021-11-25,13.17,13.17,13.13,13.13,50200
2021-11-26,13.10,13.10,13.06,13.07,2500
2021-11-29,13.01,13.01,13.01,13.01,2600
2021-11-30,13.08,13.08,13.02,13.02,800
2021-12-01,13.02,13.02,13.02,13.02,0
2021-12-02,13.19,13.19,13.02,13.06,3300
2021-12-03,13.06,13.16,13.06,13.16,2200
2021-12-06,13.24,13.24,13.24,13.24,1500
2021-12-07,13.25,13.25,13.22,13.22,1600
2021-12-08,13.25,13.40,13.25,13.40,6600
2021-12-09,13.50,13.75,13.50,13.66,57400
2021-12-10,13.61,13.61,13.56,13.58,1700
2021-12-13,13.70,13.78,13.68,13.68,27300
2021-12-14,13.60,13.60,13.59,13.59,6500
2021-12-15,13.59,13.59,13.59,13.59,0
2021-12-16,13.60,13.60,13.43,13.51,25600
2021-12-17,13.39,13.39,13.39,13.39,1600
2021-12-20,13.20,13.21,13.20,13.21,2100
2021-12-21,13.21,13.21,13.14,13.14,800
2021-12-22,13.23,13.24,13.22,13.22,11800
2021-12-23,13.29,13.30,13.22,13.30,12500
2021-12-24,13.30,13.30,13.30,13.30,0
2021-12-27,13.43,13.43,13.23,13.26,6800
2021-12-28,13.32,13.32,13.32,13.32,100
2021-12-29,13.30,13.30,13.17,13.17,2200
2021-12-30,13.24,13.24,13.24,13.24,400
2021-12-31,13.30,13.32,13.27,13.27,37614800
2022-01-04,13.04,13.26,13.04,13.25,41617500
2022-01-05,13.30,13.30,13.08,13.10,319800
2022-01-06,13.15,14.19,12.89,12.97,481300
2022-01-07,13.03,13.04,12.95,12.97,64300
2022-01-10,13.01,13.02,12.89,13.00,15300
2022-01-11,13.01,13.01,12.87,12.90,2300
2022-01-12,12.93,13.04,12.93,13.03,15900
2022-01-13,12.95,12.96,12.86,12.86,500
2022-01-14,12.76,12.76,12.71,12.72,3800
2022-01-17,12.70,12.79,12.70,12.79,6200
2022-01-18,12.87,12.94,12.85,12.94,7100
2022-01-19,12.89,12.93,12.80,12.85,13300
2022-01-20,12.93,12.98,12.93,12.95,2600
2022-01-21,12.85,12.85,12.81,12.81,200
2022-01-24,12.81,12.85,12.76,12.85,2600
2022-01-25,12.13,12.95,12.13,12.72,16700
2022-01-26,12.89,13.82,11.80,12.62,10100
2022-01-27,12.57,12.66,12.57,12.57,28500
2022-01-28,12.52,12.52,12.44,12.44,10400
2022-02-07,12.49,12.50,12.45,12.48,9400
2022-02-08,12.32,12.32,12.32,12.32,900
2022-02-09,12.48,12.54,12.48,12.54,3500
2022-02-10,12.45,12.48,12.45,12.48,500
2022-02-11,12.48,12.48,12.48,12.48,0
2022-02-14,12.36,12.36,12.32,12.32,1400
2022-02-15,12.28,12.37,12.28,12.37,4700
2022-02-16,12.51,12.51,12.43,12.44,34500
2022-02-17,12.46,12.47,12.46,12.47,200
2022-02-18,12.45,12.47,12.44,12.44,10000
2022-02-21,12.47,12.48,12.44,12.44,7400
2022-02-22,12.44,12.44,12.28,12.30,5800
2022-02-23,12.43,12.43,12.43,12.43,23800
2022-02-24,12.22,12.25,12.19,12.19,5900
2022-02-25,12.21,12.34,12.21,12.33,35400
2022-02-28,12.31,12.32,12.25,12.31,11800
2022-03-01,12.38,12.42,12.38,12.42,2100
2022-03-02,12.33,12.33,12.33,12.33,10000
2022-03-03,12.33,12.33,12.33,12.33,0
2022-03-04,12.18,12.18,12.08,12.08,500
2022-03-07,12.12,12.12,11.70,11.73,24800
2022-03-08,11.73,11.73,11.51,11.51,29900
2022-03-09,11.50,11.57,11.10,11.27,43200
2022-03-10,11.41,11.65,11.41,11.55,16300
2022-03-11,11.40,11.60,11.29,11.60,9200
2022-03-14,11.49,11.49,11.26,11.26,11000
2022-03-15,11.01,11.11,10.76,10.76,24200
2022-03-16,10.76,11.21,10.72,11.21,49100
2022-03-17,11.37,11.44,11.37,11.43,142400
2022-03-18,11.48,11.50,11.33,11.50,13400
2022-03-21,11.51,11.56,11.43,11.43,12200
2022-03-22,11.41,11.41,11.41,11.41,500
2022-03-23,11.41,11.41,11.41,11.41,0
2022-03-24,11.41,11.41,11.41,11.41,200
2022-03-25,11.45,11.46,11.22,11.22,10100
2022-03-28,11.22,11.22,11.22,11.22,0
2022-03-29,11.20,11.20,11.14,11.14,1400
2022-03-30,11.26,11.29,11.24,11.24,3500
2022-03-31,11.38,11.38,11.35,11.37,65800
2022-04-01,11.45,11.51,11.45,11.49,3000
2022-04-06,11.49,11.49,11.49,11.49,0
2022-04-07,11.45,11.45,11.31,11.31,69200
2022-04-08,11.23,11.32,11.23,11.32,400
2022-04-11,11.12,11.12,11.02,11.02,13500
2022-04-12,11.07,11.26,11.01,11.23,3100
2022-04-13,11.24,11.24,11.24,11.24,200
2022-04-14,11.21,11.21,11.21,11.21,200
2022-04-15,11.25,11.25,11.25,11.25,100
2022-04-18,11.22,11.22,11.22,11.22,1000
2022-04-19,11.22,11.22,11.22,11.22,0
2022-04-20,11.22,11.22,11.22,11.22,0
2022-04-21,11.22,11.22,11.22,11.22,0
2022-04-22,11.00,11.00,10.74,10.81,26200
2022-04-25,10.66,10.66,10.33,10.33,29700
2022-04-26,10.33,10.33,10.21,10.21,27100
2022-04-27,10.25,10.45,10.25,10.45,7700
2022-04-28,10.55,10.56,10.48,10.48,4400
2022-04-29,10.56,10.77,10.54,10.77,4300
2022-05-05,10.82,10.85,10.82,10.82,2900
2022-05-06,10.87,10.87,10.55,10.55,800
2022-05-09,10.52,10.52,10.38,10.40,8800
2022-05-10,10.31,10.38,10.31,10.37,1200
2022-05-11,10.50,10.50,10.50,10.50,1400
2022-05-12,10.63,10.73,10.61,10.63,33500
2022-05-13,10.66,10.70,10.66,10.70,500
2022-05-16,10.67,10.67,10.66,10.66,21200
2022-05-17,10.68,10.80,10.68,10.76,15700
2022-05-18,10.76,10.76,10.73,10.73,6000
2022-05-19,10.67,10.71,10.67,10.71,5700
2022-05-20,10.95,10.95,10.88,10.88,600
2022-05-23,10.88,10.88,10.88,10.88,1000
2022-05-24,10.88,10.88,10.88,10.88,0
2022-05-25,10.68,10.68,10.68,10.68,300
2022-05-26,10.68,10.68,10.68,10.68,0
2022-05-27,10.77,10.77,10.77,10.77,1000
2022-05-30,10.81,10.86,10.81,10.86,2100
2022-05-31,10.84,10.99,10.84,10.98,9700
2022-06-01,11.00,11.02,11.00,11.02,900
2022-06-02,11.02,11.02,11.02,11.02,2700
2022-06-06,11.17,11.17,11.17,11.17,900
2022-06-07,11.26,11.29,11.26,11.27,400
2022-06-08,11.29,11.37,11.21,11.37,35800
2022-06-09,11.38,11.38,11.22,11.25,26673800
2022-06-10,11.25,11.25,11.25,11.25,0
2022-06-13,11.35,11.37,11.25,11.34,3800
2022-06-14,11.24,11.24,11.24,11.24,2600
2022-06-15,11.29,11.67,11.29,11.56,63000
2022-06-16,11.57,11.61,11.50,11.50,170500
2022-06-17,11.51,11.67,11.51,11.63,3000
2022-06-20,11.67,11.76,11.67,11.74,6000
2022-06-21,11.74,11.74,11.62,11.62,1900
2022-06-22,11.69,11.69,11.54,11.54,8000
2022-06-23,11.62,11.77,11.55,11.77,6800
2022-06-24,11.77,11.92,11.77,11.86,526500
2022-06-27,12.06,12.07,12.00,12.03,11100
2022-06-28,11.96,12.11,11.96,12.11,2300
2022-06-29,12.15,12.15,12.00,12.01,4500
2022-06-30,12.10,12.28,12.10,12.21,13000
2022-07-01,12.19,12.19,12.14,12.17,18000
2022-07-04,12.06,12.18,12.06,12.18,120800
2022-07-05,12.17,12.17,12.07,12.15,4900
2022-07-06,12.03,12.06,11.96,11.98,7000
2022-07-07,12.06,12.06,12.06,12.06,20100
2022-07-08,12.14,12.14,12.03,12.05,700
2022-07-11,12.49,12.49,11.79,11.81,9800
2022-07-12,11.86,11.86,11.75,11.75,4300
2022-07-13,11.81,11.81,11.81,11.81,200
2022-07-14,11.81,11.81,11.81,11.81,0
2022-07-15,11.80,11.80,11.79,11.79,200
2022-07-18,11.60,11.71,11.60,11.68,2300
2022-07-19,11.62,11.62,11.62,11.62,100
2022-07-20,11.62,11.62,11.62,11.62,0
2022-07-21,11.66,11.68,11.60,11.60,1500
2022-07-22,11.60,11.60,11.60,11.60,0
2022-07-25,11.55,11.55,11.50,11.54,1600
2022-07-26,11.50,11.62,11.50,11.58,9900
2022-07-27,11.55,11.58,11.55,11.58,1600
2022-07-28,11.58,11.58,11.58,11.58,0
2022-07-29,11.50,11.50,11.50,11.50,700
2022-08-01,11.50,11.50,11.50,11.50,1000
2022-08-02,11.40,11.40,11.18,11.27,41600
2022-08-03,11.29,11.29,11.20,11.22,8100
2022-08-04,11.22,11.22,11.15,11.17,15600
2022-08-05,11.28,11.32,11.28,11.32,4800
2022-08-08,11.32,11.32,11.32,11.32,3000
2022-08-09,11.32,11.32,11.32,11.32,0
2022-08-10,11.32,11.32,11.32,11.32,0
2022-08-11,11.44,11.48,11.44,11.44,400
2022-08-12,11.45,11.50,11.45,11.47,800
2022-08-15,11.47,11.56,11.44,11.44,6900
2022-08-16,11.44,11.44,11.44,11.44,0
2022-08-17,11.48,11.52,11.48,11.52,7300
2022-08-18,11.52,11.52,11.48,11.48,2500
2022-08-19,11.40,11.40,11.37,11.37,3700
2022-08-22,11.32,11.46,11.32,11.43,400
2022-08-23,11.37,11.42,11.37,11.42,300
2022-08-24,11.28,11.28,11.20,11.20,5100
2022-08-25,11.20,11.20,11.15,11.15,12800
2022-08-26,11.29,11.32,11.27,11.30,28500
2022-08-29,11.16,11.22,11.16,11.22,2400
2022-08-30,11.12,11.15,11.12,11.15,800
2022-08-31,11.13,11.22,11.10,11.15,1900
2022-09-01,11.12,11.12,11.08,11.08,1800
2022-09-02,11.08,11.08,11.00,11.00,1400
2022-09-05,11.00,11.00,11.00,11.00,1000
2022-09-06,11.07,11.14,11.07,11.14,1200
2022-09-07,11.09,11.14,11.09,11.14,28300
2022-09-08,11.11,11.11,11.11,11.11,20600
2022-09-09,11.18,11.20,11.18,11.20,2000
2022-09-13,11.20,11.20,11.20,11.20,0
2022-09-14,11.19,11.19,11.19,11.19,100
2022-09-15,11.16,11.16,11.01,11.01,1000
2022-09-16,10.90,10.90,10.90,10.90,4200
2022-09-19,10.77,10.81,10.75,10.75,12300
2022-09-20,10.75,10.75,10.75,10.75,0
2022-09-21,10.75,10.75,10.75,10.75,0
2022-09-22,10.75,10.75,10.75,10.75,0
2022-09-23,10.51,10.60,10.51,10.60,4000
2022-09-26,10.62,10.62,10.60,10.60,1100
2022-09-27,10.60,10.60,10.60,10.60,0
2022-09-28,10.60,10.60,10.60,10.60,0
2022-09-29,10.47,10.55,10.47,10.54,6800
2022-09-30,10.54,10.54,10.54,10.54,0
2022-10-10,10.45,10.45,10.34,10.34,7700
2022-10-11,10.22,10.26,10.18,10.22,4400
2022-10-12,10.10,10.34,10.10,10.34,16100
2022-10-13,10.36,10.36,10.33,10.33,2500
2022-10-14,10.41,10.52,10.41,10.51,7400
2022-10-17,10.50,10.50,10.50,10.50,500
2022-10-18,10.55,10.55,10.50,10.50,5100
2022-10-19,10.45,10.45,10.40,10.40,900
2022-10-20,10.35,10.35,10.35,10.35,200
2022-10-21,10.35,10.35,10.35,10.35,0
2022-10-24,10.24,10.24,10.24,10.24,100
2022-10-25,9.87,9.96,9.87,9.96,7100
2022-10-26,10.06,10.06,10.00,10.01,5600
2022-10-27,10.02,10.06,10.02,10.05,300
2022-10-28,9.80,9.80,9.74,9.74,600
2022-10-31,9.72,9.72,9.64,9.64,900
2022-11-01,9.64,9.64,9.64,9.64,0
2022-11-02,9.69,10.52,9.52,10.12,73900
2022-11-03,10.12,10.12,9.99,10.02,32000
2022-11-04,10.07,10.36,10.07,10.34,88200
2022-11-07,10.30,10.34,10.30,10.34,9500
2022-11-08,10.28,10.28,10.22,10.22,15100
2022-11-09,10.25,10.25,10.19,10.21,52500
2022-11-10,10.02,10.15,10.02,10.12,5000
2022-11-11,10.16,10.42,10.16,10.40,50900
2022-11-14,10.46,10.51,10.38,10.38,40900
2022-11-15,10.52,10.59,10.52,10.59,2200
2022-11-16,10.54,10.60,10.52,10.52,86900
2022-11-17,10.47,10.49,10.34,10.49,134100
2022-11-18,10.47,10.47,10.47,10.47,3000
2022-11-21,10.28,10.35,10.28,10.35,3500
2022-11-22,10.30,10.35,10.30,10.35,200
2022-11-23,10.35,10.37,10.31,10.37,50200
2022-11-24,10.29,10.29,10.29,10.29,6100
2022-11-25,10.29,10.29,10.29,10.29,0
2022-11-28,10.22,10.26,10.22,10.26,400
2022-11-29,10.53,10.53,10.49,10.49,500
2022-11-30,10.55,10.56,10.51,10.51,29400
2022-12-01,10.66,10.76,10.66,10.69,60600
2022-12-02,10.63,10.65,10.58,10.63,512500
2022-12-05,10.63,10.78,10.63,10.77,642300
2022-12-06,10.77,10.85,10.77,10.84,5500
2022-12-07,10.85,10.91,10.82,10.82,10600
2022-12-08,10.80,10.83,10.80,10.83,1900
2022-12-09,10.82,10.94,10.81,10.94,1600
2022-12-12,10.88,10.88,10.85,10.85,400
2022-12-13,10.79,10.81,10.79,10.81,11100
2022-12-14,10.80,10.81,10.80,10.81,1800
2022-12-15,10.81,10.81,10.76,10.78,2300
2022-12-16,10.74,10.82,10.74,10.76,18000
2022-12-19,10.72,10.72,10.63,10.63,10600
2022-12-20,10.60,10.60,10.47,10.47,24400
2022-12-21,10.50,10.50,10.43,10.43,6400
2022-12-22,10.43,10.43,10.43,10.43,0
2022-12-23,10.43,10.43,10.43,10.43,0
2022-12-26,10.48,10.56,10.48,10.51,38200
2022-12-27,10.60,10.60,10.60,10.60,4000
2022-12-28,10.59,10.59,10.58,10.58,6500
2022-12-29,10.53,10.53,10.53,10.53,50400
2022-12-30,10.53,10.53,10.53,10.53,0
2023-01-03,10.51,10.58,10.48,10.58,25100
2023-01-04,10.63,10.69,10.63,10.66,14600
2023-01-05,10.79,10.86,10.79,10.86,7000
2023-01-06,10.86,10.95,10.86,10.88,85500
2023-01-09,10.92,10.94,10.92,10.94,12300
2023-01-10,10.94,11.01,10.94,11.01,50400
2023-01-11,10.99,10.99,10.99,10.99,1500
2023-01-12,11.02,11.02,10.96,10.99,17900
2023-01-13,11.09,11.09,11.09,11.09,2600
2023-01-16,11.14,11.39,11.14,11.33,6100
2023-01-17,11.30,11.30,11.29,11.30,33700
2023-01-18,11.34,11.34,11.33,11.33,6400
2023-01-19,11.28,11.28,11.27,11.28,1100
2023-01-20,11.39,11.46,11.39,11.45,36700
2023-01-30,11.58,11.60,11.52,11.53,26900
2023-01-31,11.46,11.46,11.34,11.34,29600
2023-02-01,11.41,11.46,11.36,11.46,5200
2023-02-02,11.46,11.48,11.41,11.41,11400
2023-02-03,11.35,11.35,11.23,11.30,50100
2023-02-06,11.30,11.30,11.11,11.13,12300
2023-02-07,11.19,11.22,11.16,11.16,55700
2023-02-08,11.19,11.19,11.14,11.14,17800
2023-02-09,11.12,11.29,11.12,11.29,5500
2023-02-10,11.30,11.30,11.24,11.24,1100
2023-02-13,11.24,11.33,11.24,11.33,55700
2023-02-14,11.32,11.32,11.32,11.32,400
2023-02-15,11.26,11.29,11.26,11.29,1000
2023-02-16,11.34,11.99,11.01,11.99,19600
2023-02-17,12.02,12.04,11.09,11.09,1366000
2023-02-20,11.08,11.29,11.04,11.26,1152400
2023-02-21,11.29,11.32,11.24,11.30,111200
2023-02-22,11.24,11.30,11.21,11.24,40600
2023-02-23,11.26,11.26,11.18,11.20,54200
2023-02-24,11.17,11.17,11.07,11.09,3900
2023-02-27,11.04,11.11,11.01,11.05,58400
2023-02-28,11.05,11.14,11.03,11.14,7200
2023-03-01,11.17,11.26,11.17,11.26,20800
2023-03-02,11.29,11.29,11.27,11.27,1200
2023-03-03,11.26,11.31,11.24,11.30,43200
2023-03-06,11.20,11.21,11.15,11.21,11100
2023-03-07,11.26,11.26,11.10,11.10,24700
2023-03-08,11.08,11.08,10.98,11.03,59200
2023-03-09,11.03,11.03,10.97,11.00,3700
2023-03-10,10.94,10.94,10.90,10.90,2300
2023-03-13,10.90,10.90,10.86,10.89,23200
2023-03-14,10.82,10.91,10.82,10.91,5000
2023-03-15,10.91,10.93,10.88,10.88,1200
2023-03-16,10.74,10.74,10.74,10.74,1900
2023-03-17,10.82,10.82,10.82,10.82,1600
2023-03-20,10.85,10.85,10.74,10.74,10100
2023-03-21,10.79,10.79,10.79,10.79,100
2023-03-22,10.83,10.99,10.83,10.95,14500
2023-03-23,10.95,11.07,10.95,11.07,3100
2023-03-24,11.07,11.07,10.98,11.03,12100
2023-03-27,10.97,10.97,10.94,10.96,9100
2023-03-28,10.96,10.96,10.96,10.96,0
2023-03-29,10.96,10.99,10.96,10.96,13400
2023-03-30,10.96,11.04,10.96,11.04,24500
2023-03-31,11.05,11.06,11.05,11.06,13000
2023-04-03,11.14,11.24,11.14,11.22,56300
2023-04-04,11.17,11.20,11.17,11.19,36100
2023-04-06,11.03,11.21,11.03,11.20,25600
2023-04-07,11.25,11.29,11.25,11.29,36000
2023-04-10,11.27,11.27,11.22,11.22,2100
2023-04-11,11.27,11.27,11.23,11.23,4500
2023-04-12,11.23,11.23,11.23,11.23,100
2023-04-13,11.14,11.14,11.13,11.13,300
2023-04-14,11.18,11.22,11.18,11.22,200
2023-04-17,11.17,11.31,11.17,11.31,40000
2023-04-18,11.32,11.38,11.32,11.36,11000
2023-04-19,11.32,11.32,11.26,11.26,500
2023-04-20,11.26,11.26,11.19,11.23,32200
2023-04-21,11.14,11.14,11.02,11.02,14500
2023-04-24,11.05,11.05,10.87,10.89,126200
2023-04-25,10.80,10.84,10.74,10.81,30000
2023-04-26,10.81,10.85,10.80,10.85,26500
2023-04-27,10.85,10.85,10.85,10.85,0
2023-04-28,10.98,11.02,10.98,11.01,15700
2023-05-04,11.01,11.01,10.99,10.99,400
2023-05-05,10.99,10.99,10.99,10.99,0
2023-05-08,11.03,11.13,11.00,11.11,108100
2023-05-09,11.11,11.17,11.03,11.03,41400
2023-05-10,11.03,11.03,10.91,10.95,7600
2023-05-11,10.92,11.01,10.91,10.91,16300
2023-05-12,11.02,11.02,10.79,10.80,128500
2023-05-15,10.74,10.91,10.74,10.91,4900
2023-05-16,10.94,10.94,10.86,10.89,2200
2023-05-17,10.50,10.85,10.50,10.84,10200
2023-05-18,10.84,10.86,10.84,10.86,24400
2023-05-19,10.86,10.86,10.86,10.86,0
2023-05-22,10.86,10.86,10.86,10.86,0
2023-05-23,10.80,10.80,10.80,10.80,3000
2023-05-24,10.68,10.68,10.61,10.61,5100
2023-05-25,10.55,10.55,10.55,10.55,1700
2023-05-26,10.48,10.53,10.47,10.53,5600
2023-05-29,10.52,10.52,10.46,10.47,11100
2023-05-30,10.39,10.50,10.39,10.50,800
2023-05-31,10.41,10.41,10.41,10.41,2400
2023-06-01,10.41,10.41,10.41,10.41,0
2023-06-02,10.60,10.60,10.60,10.60,17700
2023-06-05,10.60,10.60,10.60,10.60,2300
2023-06-06,10.52,10.52,10.52,10.52,132000
2023-06-07,10.46,10.46,10.41,10.41,11100
2023-06-08,10.41,10.41,10.41,10.41,0
2023-06-09,10.50,10.53,10.50,10.53,12000
2023-06-12,10.54,10.54,10.48,10.52,8600
2023-06-13,10.54,10.54,10.54,10.54,10600
2023-06-14,10.66,10.71,10.62,10.62,126800
2023-06-15,10.60,10.78,10.60,10.78,134100
2023-06-16,10.81,10.88,10.81,10.88,41600
2023-06-19,10.77,10.85,10.77,10.85,600
2023-06-20,10.78,10.80,10.78,10.80,10500
2023-06-21,10.74,10.74,10.72,10.72,12300
2023-06-26,10.55,10.55,10.54,10.54,6500
2023-06-27,10.53,10.53,10.53,10.53,9300
2023-06-28,10.58,10.58,10.58,10.58,2400
2023-06-29,10.58,10.58,10.58,10.58,0
2023-06-30,10.59,10.68,10.59,10.68,13700
2023-07-03,10.71,10.80,10.71,10.77,4800
2023-07-04,10.77,10.77,10.74,10.74,500
2023-07-05,10.69,10.69,10.69,10.69,1300
2023-07-06,10.69,10.69,10.69,10.69,0
2023-07-07,10.69,10.69,10.69,10.69,0
2023-07-10,10.66,10.66,10.61,10.61,2400
2023-07-11,10.65,10.67,10.65,10.67,11300
2023-07-12,10.67,10.67,10.67,10.67,0
2023-07-13,10.67,10.67,10.67,10.67,0
2023-07-14,10.67,10.67,10.67,10.67,0
2023-07-17,10.76,10.76,10.74,10.75,20400
2023-07-18,10.75,10.75,10.70,10.75,30200
2023-07-19,10.75,10.75,10.75,10.75,0
2023-07-20,10.76,10.76,10.66,10.66,6000
2023-07-21,10.64,10.66,10.64,10.66,500
2023-07-24,10.66,10.66,10.66,10.66,0
2023-07-25,10.85,10.86,10.85,10.85,6600
2023-07-26,10.88,10.90,10.88,10.89,11700
2023-07-27,10.91,10.91,10.91,10.91,100
2023-07-28,10.91,11.12,10.91,11.12,38000
2023-07-31,11.28,11.33,11.17,11.24,84200
2023-08-01,11.18,11.22,11.14,11.14,2400
2023-08-02,11.07,11.07,11.07,11.07,18000
2023-08-03,11.08,11.17,11.08,11.17,2600
2023-08-04,11.20,11.28,11.18,11.19,8800
2023-08-07,11.14,11.14,11.11,11.12,248300
2023-08-08,11.05,11.10,11.05,11.10,67000
2023-08-09,10.99,11.10,10.99,11.08,2300
2023-08-10,11.07,11.07,11.06,11.06,10900
2023-08-11,10.95,10.95,10.86,10.86,2700
2023-08-14,10.85,10.85,10.66,10.66,30400
2023-08-15,10.73,10.79,10.68,10.68,122300
2023-08-16,10.74,10.74,10.67,10.67,4300
2023-08-17,10.55,10.71,10.54,10.70,13200
2023-08-18,10.70,10.70,10.58,10.58,8400
2023-08-21,10.58,10.58,10.43,10.43,40100
2023-08-22,10.39,10.51,10.39,10.46,25200
2023-08-23,10.40,10.40,10.35,10.35,1600
2023-08-24,10.38,10.44,10.38,10.44,1200
2023-08-25,10.44,10.44,10.33,10.33,38900
2023-08-28,10.50,10.50,10.47,10.50,4300
2023-08-29,10.50,10.60,10.49,10.60,16600
2023-08-30,10.61,10.61,10.59,10.60,7000
2023-08-31,10.57,10.57,10.49,10.54,20100
2023-09-01,10.60,10.60,10.60,10.60,100
2023-09-04,10.65,10.74,10.65,10.71,25700
2023-09-05,10.65,10.68,10.65,10.68,7100
2023-09-06,10.62,10.62,10.62,10.62,1000
2023-09-07,10.54,10.57,10.52,10.52,15900
2023-09-08,10.52,10.52,10.41,10.45,5300
2023-09-11,10.45,10.55,10.45,10.54,10900
2023-09-12,10.54,10.54,10.51,10.51,31600
2023-09-13,10.45,10.45,10.39,10.39,33400
2023-09-14,10.42,10.42,10.42,10.42,2000
2023-09-15,10.41,10.42,10.41,10.42,2000
2023-09-18,10.40,10.40,10.40,10.40,29700
2023-09-19,10.35,10.41,10.35,10.41,1300
2023-09-20,10.41,10.41,10.41,10.41,100
2023-09-21,10.31,10.31,10.30,10.30,3000
2023-09-22,10.30,10.44,10.30,10.44,500
2023-09-25,10.40,10.40,10.39,10.40,300
2023-09-26,11.41,11.41,10.05,10.33,2200
2023-09-27,10.33,10.35,10.33,10.35,2300
2023-09-28,10.34,10.34,10.34,10.34,7000
2023-10-09,10.44,10.44,10.02,10.31,44400
2023-10-10,10.35,10.38,10.20,10.20,21700
2023-10-11,10.20,10.31,10.20,10.27,21100
2023-10-12,10.31,10.34,10.31,10.33,1600
2023-10-13,10.24,10.24,10.21,10.21,200
2023-10-16,10.18,10.19,10.11,10.11,9100
2023-10-17,10.16,10.18,10.13,10.18,4800
2023-10-18,10.08,10.09,10.08,10.09,13800
2023-10-19,10.19,10.19,9.88,9.88,34500
2023-10-20,9.99,9.99,9.80,9.80,22200
2023-10-23,9.80,9.80,9.67,9.67,600
2023-10-24,9.69,9.69,9.69,9.69,600
2023-10-25,9.84,9.87,9.77,9.80,30400
2023-10-26,9.79,9.79,9.75,9.79,800
2023-10-27,10.20,10.76,9.50,9.98,7000
2023-10-30,9.98,10.04,9.97,10.04,10600
2023-10-31,9.98,9.98,9.96,9.96,88000
2023-11-01,9.98,9.99,9.98,9.99,3900
2023-11-02,9.99,10.02,9.93,9.93,27000
2023-11-03,9.66,10.05,9.66,10.05,5900
2023-11-06,10.09,10.14,10.09,10.14,13500
2023-11-07,10.08,10.13,10.08,10.13,10300
2023-11-08,10.07,10.07,10.05,10.05,800
2023-11-09,9.75,10.15,9.75,10.11,12200
2023-11-10,10.21,10.22,10.01,10.01,84500
2023-11-13,9.80,10.10,9.80,9.99,1000
2023-11-14,9.90,10.04,9.90,9.98,83700
2023-11-15,9.78,10.18,9.78,10.05,5100
2023-11-16,10.25,10.25,9.95,10.00,42900
2023-11-17,9.96,9.96,9.91,9.94,5400
2023-11-20,9.91,10.00,9.91,9.97,8200
2023-11-21,10.05,10.08,10.03,10.03,6300
2023-11-22,9.77,9.97,9.77,9.92,69100
2023-11-23,10.07,10.07,9.90,9.93,3200
2023-11-24,9.83,9.93,9.66,9.90,6000
2023-11-27,9.80,9.81,9.78,9.81,2400
2023-11-28,9.81,9.83,9.80,9.81,17900
2023-11-29,9.78,9.79,9.76,9.76,20200
2023-11-30,9.74,9.77,9.74,9.77,30600
2023-12-01,9.73,9.73,9.69,9.69,4700
2023-12-04,9.71,9.71,9.69,9.69,400
2023-12-05,9.57,9.62,9.51,9.51,3000
2023-12-06,9.52,9.52,9.49,9.49,1500
2023-12-07,9.46,9.49,9.44,9.46,3800
2023-12-08,9.49,9.50,9.49,9.50,4000
2023-12-11,9.39,9.58,9.39,9.56,2000
2023-12-12,9.57,9.57,9.56,9.56,600
2023-12-13,9.52,9.52,9.42,9.43,11600
2023-12-14,9.34,9.47,9.34,9.41,8300
2023-12-15,9.49,9.49,9.33,9.33,14134800
2023-12-18,9.51,9.51,9.33,9.33,1800
2023-12-19,9.19,9.31,9.19,9.31,12500
2023-12-20,9.31,9.31,9.25,9.25,1500
2023-12-21,9.25,9.33,9.19,9.33,1300
2023-12-22,9.32,9.38,9.29,9.37,1002800
2023-12-25,9.70,9.70,9.33,9.33,19100
2023-12-26,9.38,9.38,9.27,9.32,106400
2023-12-27,9.59,9.59,9.25,9.33,3012300
2023-12-28,9.36,9.58,9.36,9.57,1207600
2023-12-29,9.48,9.60,9.48,9.55,575700
2024-01-02,9.54,9.54,9.48,9.50,3008100
2024-01-03,9.46,9.48,9.43,9.45,8900
2024-01-04,9.42,9.42,9.29,9.37,501800
2024-01-05,9.38,9.44,9.18,9.32,5377700
2024-01-08,9.29,9.30,9.18,9.18,62000
2024-01-09,9.19,9.23,9.16,9.19,116600
2024-01-10,9.18,9.22,9.18,9.18,21900
2024-01-11,9.15,9.22,9.13,9.22,3300
2024-01-12,9.22,9.22,9.22,9.22,100
2024-01-15,9.22,9.22,9.13,9.15,10400
2024-01-16,9.22,9.24,9.11,9.21,64000
2024-01-17,9.15,9.15,9.06,9.06,6900
2024-01-18,9.06,9.24,8.88,9.24,1083800
2024-01-19,9.23,9.23,8.93,9.14,15000
2024-01-22,9.11,9.14,8.94,9.00,180500
2024-01-23,8.95,9.07,8.95,9.03,28600
2024-01-24,9.06,9.13,8.97,9.13,42800
2024-01-25,9.19,9.32,9.18,9.32,75900
2024-01-26,9.32,9.35,9.28,9.34,116800
2024-01-29,9.30,9.30,9.24,9.24,36300
2024-01-30,9.18,9.18,9.08,9.08,64500
2024-01-31,9.09,9.09,8.98,9.07,17600
2024-02-01,9.02,9.05,8.93,9.04,15900
2024-02-02,8.96,8.99,8.73,8.88,33700
2024-02-05,8.86,8.90,8.70,8.90,180600
2024-02-06,9.07,9.23,9.05,9.20,146800
2024-02-07,9.25,9.31,9.25,9.31,118200
2024-02-08,9.35,9.42,9.33,9.42,271600
2024-02-19,9.42,9.50,9.40,9.50,187400
2024-02-20,9.46,9.50,9.45,9.50,22200
2024-02-21,9.52,9.74,9.49,9.64,101000
2024-02-22,9.75,9.75,9.66,9.70,17200
2024-02-23,9.70,9.78,9.70,9.73,177900
2024-02-26,9.70,9.73,9.63,9.65,99500
2024-02-27,9.66,9.73,9.66,9.73,7200
2024-02-28,9.77,9.84,9.64,9.65,81500
2024-02-29,9.65,10.39,9.65,9.78,2401300
2024-03-01,9.78,10.28,9.78,9.90,91900
2024-03-04,9.90,9.91,9.75,9.89,164700
2024-03-05,9.88,9.96,9.87,9.96,1538800
2024-03-06,9.95,9.96,9.90,9.93,1856900
2024-03-07,9.94,9.95,9.84,9.86,16900
2024-03-08,9.83,9.91,9.79,9.88,11200
2024-03-11,9.91,10.02,9.87,10.02,19300
2024-03-12,10.00,10.04,9.98,10.02,1363700
2024-03-13,10.00,10.02,9.93,9.99,12700
2024-03-14,10.08,10.08,9.87,9.95,9010200
2024-03-15,9.92,9.95,9.85,9.95,1085400
2024-03-18,10.00,10.04,9.98,10.04,78600
2024-03-19,9.96,10.06,9.96,9.97,2900
2024-03-20,9.98,10.01,9.97,9.97,50800
2024-03-21,9.99,10.01,9.96,9.99,16500
2024-03-22,9.96,9.96,9.83,9.88,88400
2024-03-25,9.84,9.91,9.83,9.85,90200
2024-03-26,9.85,9.86,9.82,9.84,78500
2024-03-27,9.84,9.84,9.79,9.80,5093400
2024-03-28,9.76,9.88,9.76,9.80,378400
2024-03-29,9.84,9.85,9.82,9.82,1200
2024-04-01,9.90,10.06,9.90,10.06,1250200
2024-04-02,10.07,10.07,10.00,10.00,11900
2024-04-03,9.94,9.97,9.94,9.97,2900
2024-04-08,9.89,9.90,9.82,9.90,15500
2024-04-09,9.89,9.89,9.83,9.89,16600
2024-04-10,9.88,9.88,9.77,9.79,1516200
2024-04-11,9.61,9.78,9.61,9.78,242600
2024-04-12,9.76,9.76,9.76,9.76,5100
2024-04-15,9.72,9.90,9.72,9.86,548400
2024-04-16,9.87,9.90,9.78,9.78,463600
2024-04-17,9.37,10.40,9.37,9.98,12187600
2024-04-18,9.93,10.02,9.88,9.96,1511800
2024-04-19,9.91,9.91,9.84,9.87,407500
2024-04-22,9.88,9.93,9.84,9.87,389900
2024-04-23,9.79,9.80,9.77,9.78,88800
2024-04-24,9.78,9.82,9.77,9.80,21800
2024-04-25,9.82,9.84,9.82,9.83,4400
2024-04-26,9.88,9.98,9.88,9.98,99400
2024-04-29,10.01,10.16,10.01,10.12,25400
2024-04-30,10.10,10.11,10.09,10.09,2100
2024-05-06,10.18,10.23,10.18,10.20,59500
2024-05-07,10.20,10.22,10.17,10.22,47700
2024-05-08,10.22,10.22,10.22,10.22,0
2024-05-09,10.22,10.25,10.20,10.22,41000
2024-05-10,10.22,10.25,10.16,10.22,27700
2024-05-13,10.17,10.25,10.17,10.23,5400
2024-05-14,10.23,10.23,10.16,10.21,22500
2024-05-15,10.18,10.18,10.11,10.11,4500
2024-05-16,10.21,10.21,10.18,10.18,201200
2024-05-17,10.17,10.23,10.17,10.23,8400
2024-05-20,10.28,10.32,10.26,10.29,36200
2024-05-21,10.28,10.28,10.26,10.27,29700
2024-05-22,10.28,10.29,10.28,10.29,700
2024-05-23,10.18,10.20,10.15,10.15,2400
2024-05-24,10.20,10.20,10.08,10.08,33300
2024-05-27,10.09,10.13,10.07,10.13,3300
2024-05-28,10.12,10.12,10.10,10.10,1600
