Date,Open,High,Low,Close,Vol
1998-04-08,8.28,8.70,7.78,8.26,50466600
1998-04-09,8.17,9.09,8.03,8.82,23015900
1998-04-10,8.80,9.10,8.58,8.86,14018600
1998-04-13,9.03,9.10,8.70,8.99,11385400
1998-04-14,8.98,8.99,8.60,8.65,5297600
1998-04-15,8.61,8.78,8.49,8.59,5146000
1998-04-16,8.54,8.88,8.35,8.46,5843200
1998-04-17,8.40,8.45,8.16,8.19,3200900
1998-04-20,8.10,8.24,8.00,8.01,2826800
1998-04-21,8.02,8.28,8.02,8.21,2001300
1998-04-22,8.21,8.30,8.08,8.24,2324700
1998-04-23,8.20,8.25,8.08,8.10,2568700
1998-04-24,8.05,8.58,8.05,8.27,4067700
1998-04-27,8.15,8.25,8.09,8.12,1987600
1998-04-28,8.10,8.38,8.10,8.31,1443700
1998-04-29,8.31,8.38,8.08,8.20,1437700
1998-04-30,8.20,8.27,8.08,8.20,2300900
1998-05-04,8.26,8.30,8.11,8.28,2174300
1998-05-05,8.30,8.55,8.28,8.50,4239200
1998-05-06,8.50,8.50,8.20,8.26,1639200
1998-05-07,8.25,8.25,8.09,8.12,2646400
1998-05-08,8.08,8.21,8.03,8.20,1854800
1998-05-11,8.11,8.20,8.04,8.11,3303800
1998-05-12,8.10,8.19,8.05,8.14,1600200
1998-05-13,8.10,8.20,8.05,8.10,1917300
1998-05-14,8.14,8.39,8.06,8.30,2550400
1998-05-15,8.30,8.35,8.10,8.16,1366400
1998-05-18,8.15,8.28,8.06,8.12,1139500
1998-05-19,8.08,8.12,8.00,8.07,1232300
1998-05-20,8.15,8.15,7.88,7.90,1683400
1998-05-21,7.88,8.10,7.80,8.00,1373300
1998-05-22,8.00,8.19,7.90,8.09,2038600
1998-05-25,8.10,8.11,7.86,7.99,1574000
1998-05-26,8.00,8.02,7.89,7.93,1441100
1998-05-27,8.00,8.35,7.90,8.21,3294600
1998-05-28,8.21,8.26,8.04,8.08,933600
1998-05-29,8.07,8.12,8.00,8.03,1412300
1998-06-01,8.03,8.10,7.88,8.05,1638100
1998-06-02,8.06,8.10,7.90,7.94,1187700
1998-06-03,7.95,8.10,7.91,8.05,1290200
1998-06-04,8.10,8.10,7.94,8.01,1080500
1998-06-05,8.01,8.09,7.88,7.93,1291200
1998-06-08,7.93,8.08,7.90,7.91,1104700
1998-06-09,7.91,7.94,7.50,7.59,1455300
1998-06-10,7.60,7.73,7.48,7.53,1090700
1998-06-11,7.53,7.77,7.49,7.60,783200
1998-06-12,7.80,7.85,7.60,7.71,884400
1998-06-15,7.72,7.73,7.46,7.49,962900
1998-06-16,7.45,7.50,7.15,7.31,903400
1998-06-17,7.28,7.37,7.22,7.24,551500
1998-06-18,7.28,7.68,7.25,7.61,1480000
1998-06-19,7.65,7.65,7.45,7.58,677500
1998-06-22,7.58,7.58,7.30,7.36,1140300
1998-06-23,7.42,7.53,7.31,7.39,646700
1998-06-24,7.48,7.74,7.39,7.68,1596400
1998-06-25,7.38,7.68,7.38,7.45,635200
1998-06-26,7.40,7.60,7.39,7.47,525500
1998-06-29,7.48,7.48,7.35,7.38,421400
1998-06-30,7.39,7.45,7.23,7.26,459600
1998-07-01,7.45,7.49,7.18,7.20,454900
1998-07-02,7.18,7.35,7.15,7.30,393800
1998-07-03,7.30,7.40,7.30,7.33,421700
1998-07-06,7.30,7.35,7.21,7.23,376700
1998-07-07,7.21,7.35,7.18,7.31,247400
1998-07-08,7.35,7.52,7.28,7.42,450300
1998-07-09,7.46,7.51,7.35,7.42,358700
1998-07-10,7.42,7.52,7.38,7.50,552900
1998-07-13,7.47,7.47,7.32,7.36,361500
1998-07-14,7.32,7.35,7.18,7.19,621600
1998-07-15,7.17,7.44,7.15,7.30,520500
1998-07-16,7.28,7.39,7.20,7.24,265500
1998-07-17,7.24,7.30,7.14,7.15,478700
1998-07-20,7.20,7.28,6.90,7.05,670300
1998-07-21,7.05,7.20,6.99,7.13,479900
1998-07-22,7.10,7.10,6.90,6.97,633200
1998-07-23,6.95,7.25,6.95,7.15,603700
1998-07-24,7.15,7.21,7.10,7.17,465600
1998-07-27,7.11,7.15,7.03,7.09,391400
1998-07-28,7.18,7.19,7.06,7.14,308800
1998-07-29,7.15,7.27,7.13,7.16,306900
1998-07-30,7.20,7.20,7.08,7.08,259900
1998-07-31,7.10,7.20,7.09,7.18,491900
1998-08-03,7.15,7.17,7.04,7.07,375700
1998-08-04,7.06,7.07,6.92,6.97,370400
1998-08-05,6.97,7.10,6.96,7.08,408000
1998-08-06,7.10,7.11,6.90,6.96,523900
1998-08-07,6.94,7.30,6.94,7.23,1427100
1998-08-10,7.08,7.33,6.66,7.00,1947400
1998-08-11,6.90,7.05,6.65,6.65,901400
1998-08-12,6.62,6.64,6.10,6.24,962800
1998-08-13,6.30,6.36,6.18,6.31,679000
1998-08-14,6.27,6.27,5.92,6.01,815900
1998-08-17,6.00,6.00,5.41,5.41,592000
1998-08-18,5.25,5.68,5.21,5.32,653500
1998-08-19,5.38,5.66,5.38,5.63,800400
1998-08-20,5.67,5.98,5.51,5.87,991600
1998-08-21,5.82,6.15,5.72,6.06,1173100
1998-08-24,6.00,6.15,5.96,6.02,690600
1998-08-25,6.00,6.01,5.81,5.93,697200
1998-08-26,5.96,6.13,5.92,5.98,696200
1998-08-27,5.97,5.97,5.81,5.83,420200
1998-08-28,5.75,5.78,5.61,5.71,553000
1998-08-31,5.60,5.83,5.33,5.82,513200
1998-09-01,5.78,6.00,5.58,5.90,591800
1998-09-02,5.87,5.90,5.70,5.80,188200
1998-09-03,5.75,5.98,5.75,5.96,543400
1998-09-04,5.98,6.06,5.92,6.01,582300
1998-09-07,5.98,6.33,5.98,6.29,1792300
1998-09-08,6.30,6.37,6.10,6.11,1170300
1998-09-09,6.10,6.25,6.05,6.21,448000
1998-09-10,6.25,6.31,6.19,6.28,650200
1998-09-11,6.23,6.40,6.23,6.31,760500
1998-09-14,6.30,6.50,6.23,6.42,929000
1998-09-15,6.42,6.49,6.31,6.34,898700
1998-09-16,6.33,6.48,6.25,6.48,841500
1998-09-17,6.50,6.54,6.21,6.30,943700
1998-09-18,6.26,6.50,6.25,6.34,1352500
1998-09-21,6.25,6.40,6.25,6.33,455600
1998-09-22,6.55,6.55,6.30,6.40,715700
1998-09-23,6.40,6.73,6.40,6.53,1167800
1998-09-24,6.53,6.53,6.31,6.32,465200
1998-09-25,6.30,6.40,6.15,6.37,530600
1998-09-28,6.45,6.45,6.25,6.34,520400
1998-09-29,6.36,6.38,6.26,6.27,327400
1998-09-30,6.22,6.60,6.22,6.49,1481600
1998-10-05,6.50,6.72,6.46,6.59,711400
1998-10-06,6.60,6.68,6.42,6.48,586000
1998-10-07,6.41,6.59,6.40,6.49,591600
1998-10-08,6.43,6.54,6.33,6.45,787600
1998-10-09,6.51,6.78,6.51,6.54,1556200
1998-10-12,6.50,6.70,6.37,6.60,1688800
1998-10-13,6.63,6.94,6.55,6.66,3754300
1998-10-14,6.70,6.85,6.50,6.79,1477300
1998-10-15,6.80,6.89,6.70,6.88,1039400
1998-10-16,6.94,6.97,6.77,6.87,1224900
1998-10-19,6.90,7.06,6.82,6.92,1339300
1998-10-20,6.92,6.97,6.78,6.85,802600
1998-10-21,6.75,6.86,6.54,6.54,1028500
1998-10-22,6.50,6.58,6.36,6.52,963200
1998-10-23,6.50,6.60,6.38,6.50,761100
1998-10-26,6.45,6.48,6.26,6.32,577500
1998-10-27,6.26,6.40,6.23,6.35,521200
1998-10-28,6.38,6.54,6.35,6.48,363700
1998-10-29,6.55,6.55,6.45,6.48,408100
1998-10-30,6.50,6.52,6.35,6.39,644900
1998-11-02,6.38,6.54,6.30,6.38,573500
1998-11-03,6.45,6.68,6.45,6.60,812300
1998-11-04,6.55,6.60,6.39,6.44,525700
1998-11-05,6.40,6.50,6.36,6.50,658200
1998-11-06,6.53,6.65,6.42,6.56,1167100
1998-11-09,6.57,6.67,6.50,6.63,945200
1998-11-10,6.65,6.67,6.50,6.56,846000
1998-11-11,6.56,6.66,6.41,6.60,978200
1998-11-12,6.63,6.76,6.60,6.68,1031900
1998-11-13,6.70,6.75,6.60,6.63,577800
1998-11-16,6.63,6.73,6.55,6.65,870700
1998-11-17,6.65,6.70,6.48,6.53,621700
1998-11-18,6.52,6.53,6.40,6.41,818300
1998-11-19,6.43,6.49,6.36,6.37,402100
1998-11-20,6.37,6.41,6.33,6.37,462300
1998-11-23,6.37,6.40,6.25,6.39,557000
1998-11-24,6.50,6.59,6.39,6.44,592000
1998-11-25,6.46,6.50,6.30,6.31,313800
1998-11-26,6.30,6.36,6.20,6.20,352400
1998-11-27,6.20,6.33,6.15,6.15,385300
1998-11-30,6.15,6.18,6.08,6.10,346900
1998-12-01,6.25,6.30,6.08,6.12,225000
1998-12-02,6.11,6.15,6.03,6.15,237700
1998-12-03,6.20,6.20,6.04,6.04,204100
1998-12-04,6.07,6.10,5.90,6.00,275500
1998-12-07,6.22,6.22,6.00,6.00,165700
1998-12-08,6.07,6.18,5.95,6.08,411700
1998-12-09,6.09,6.13,6.05,6.08,170000
1998-12-10,6.08,6.14,5.97,6.00,152300
1998-12-11,6.00,6.10,5.95,6.05,121800
1998-12-14,6.06,6.06,5.97,5.99,126800
1998-12-15,5.90,6.00,5.81,5.97,292400
1998-12-16,6.01,6.01,5.85,5.93,102800
1998-12-17,5.95,5.95,5.62,5.74,190000
1998-12-18,5.70,5.80,5.62,5.67,211200
1998-12-21,5.62,5.82,5.62,5.75,116200
1998-12-22,5.80,5.94,5.71,5.93,227300
1998-12-23,5.80,5.95,5.79,5.80,260400
1998-12-24,5.80,5.88,5.75,5.76,208300
1998-12-25,5.85,5.85,5.69,5.70,368900
1998-12-28,5.72,5.79,5.68,5.71,175900
1998-12-29,5.70,5.74,5.59,5.60,302500
1998-12-30,5.70,5.72,5.49,5.62,263700
1998-12-31,5.61,5.66,5.52,5.54,123600
1999-01-04,5.49,5.60,5.41,5.46,124600
1999-01-05,5.40,5.49,5.36,5.46,156100
1999-01-06,5.46,5.56,5.40,5.53,125200
1999-01-07,5.42,5.55,5.42,5.47,110500
1999-01-08,5.45,5.75,5.45,5.71,434200
1999-01-11,5.65,5.81,5.60,5.80,234100
1999-01-12,5.75,5.80,5.66,5.66,163800
1999-01-13,5.64,5.75,5.60,5.71,199100
1999-01-14,5.65,5.74,5.61,5.66,134500
1999-01-15,5.68,5.90,5.68,5.74,576500
1999-01-18,5.80,5.90,5.71,5.90,463400
1999-01-19,5.94,5.97,5.80,5.83,398700
1999-01-20,5.85,5.93,5.78,5.92,378500
1999-01-21,5.95,6.11,5.85,6.10,549400
1999-01-22,6.10,6.14,5.95,5.96,1060200
1999-01-25,5.98,6.10,5.88,5.89,463400
1999-01-26,5.85,5.90,5.75,5.85,330900
1999-01-27,5.93,5.93,5.76,5.85,206500
1999-01-28,5.86,5.87,5.72,5.74,184700
1999-01-29,5.73,5.80,5.70,5.78,166700
1999-02-01,5.78,5.81,5.67,5.68,230500
1999-02-02,5.65,5.68,5.60,5.65,176300
1999-02-03,5.61,5.72,5.61,5.71,87700
1999-02-04,5.79,5.85,5.54,5.58,247200
1999-02-05,5.60,5.60,5.43,5.45,226100
1999-02-08,5.45,5.53,5.33,5.33,249900
1999-02-09,5.38,5.56,5.36,5.48,281100
1999-03-01,5.50,5.71,5.45,5.64,220900
1999-03-02,5.70,5.79,5.64,5.67,186100
1999-03-03,5.70,5.95,5.70,5.88,552800
1999-03-04,5.92,5.98,5.76,5.82,217900
1999-03-05,5.80,5.95,5.80,5.92,457200
1999-03-08,5.94,5.94,5.80,5.93,311000
1999-03-09,5.93,5.95,5.76,5.81,611400
1999-03-10,5.80,5.80,5.70,5.71,319000
1999-03-11,5.71,5.85,5.71,5.79,346700
1999-03-12,5.80,5.90,5.75,5.88,392100
1999-03-15,5.88,5.99,5.85,5.96,693200
1999-03-16,5.98,5.98,5.88,5.91,403400
1999-03-17,5.93,6.09,5.91,5.97,799900
1999-03-18,5.95,5.95,5.78,5.80,452600
1999-03-19,5.86,5.92,5.72,5.85,671000
1999-03-22,5.87,6.11,5.85,6.06,1399000
1999-03-23,6.06,6.10,5.92,5.99,660800
1999-03-24,5.99,6.13,5.95,5.96,757800
1999-03-25,5.95,5.95,5.85,5.86,376600
1999-03-26,5.83,5.89,5.80,5.86,213900
1999-03-29,5.80,5.88,5.79,5.88,395200
1999-03-30,5.88,5.94,5.82,5.86,370800
1999-03-31,5.86,6.04,5.84,5.96,750700
1999-04-01,6.00,6.04,5.85,6.04,844000
1999-04-02,6.04,6.19,5.95,6.18,1951700
1999-04-05,6.20,6.25,6.13,6.17,1793400
1999-04-06,6.18,6.19,6.06,6.08,1092900
1999-04-07,6.08,6.11,6.01,6.08,930000
1999-04-08,6.10,6.15,6.01,6.03,611100
1999-04-09,6.04,6.06,5.94,5.95,937000
1999-04-12,5.90,6.00,5.83,5.92,773200
1999-04-13,5.90,5.91,5.80,5.80,472700
1999-04-14,5.80,5.99,5.80,5.85,373900
1999-04-15,5.84,5.90,5.73,5.73,374200
1999-04-16,5.73,5.78,5.58,5.58,561700
1999-04-19,5.58,5.79,5.58,5.66,300900
1999-04-20,5.69,5.79,5.66,5.78,258200
1999-04-21,5.80,5.82,5.60,5.63,316000
1999-04-22,5.62,5.65,5.48,5.65,584100
1999-04-23,5.61,5.78,5.55,5.70,427900
1999-04-26,5.59,5.73,5.44,5.64,1303900
1999-04-27,5.62,5.62,5.47,5.50,632500
1999-04-28,5.45,5.57,5.35,5.38,533600
1999-04-29,5.33,5.43,5.29,5.43,553000
1999-04-30,5.40,5.50,5.36,5.43,367100
1999-05-04,5.38,5.41,5.32,5.34,413700
1999-05-05,5.34,5.46,5.30,5.42,250500
1999-05-06,5.43,5.47,5.38,5.44,287800
1999-05-07,5.50,5.50,5.38,5.39,281300
1999-05-10,5.35,5.35,5.02,5.06,597300
1999-05-11,5.05,5.20,5.05,5.15,338100
1999-05-12,5.16,5.19,5.06,5.10,316200
1999-05-13,5.10,5.15,5.06,5.12,217900
1999-05-14,5.12,5.12,4.92,4.92,354000
1999-05-17,4.89,4.98,4.85,4.88,263800
1999-05-18,4.90,4.96,4.85,4.85,209800
1999-05-19,4.83,5.11,4.78,5.10,449900
1999-05-20,5.19,5.46,5.18,5.33,1052800
1999-05-21,5.35,5.42,5.18,5.25,1008500
1999-05-24,5.21,5.35,5.07,5.27,1222800
1999-05-25,5.27,5.42,5.20,5.21,1233300
1999-05-26,5.21,5.35,5.19,5.22,952900
1999-05-28,5.74,5.74,5.28,5.33,1172300
1999-05-31,5.33,5.43,5.10,5.15,1359000
1999-06-01,5.30,5.40,5.12,5.37,1122400
1999-06-02,5.50,5.91,5.50,5.77,6586400
1999-06-03,5.69,5.69,5.43,5.50,1483100
1999-06-04,5.50,5.60,5.40,5.47,643300
1999-06-07,5.50,5.57,5.39,5.46,1001200
1999-06-08,5.50,5.70,5.47,5.60,1120300
1999-06-09,5.65,5.70,5.55,5.67,1115200
1999-06-10,5.75,5.80,5.62,5.65,1597100
1999-06-11,5.70,5.88,5.64,5.80,2195400
1999-06-14,5.95,6.38,5.94,6.38,6534600
1999-06-15,6.51,6.66,5.75,5.84,5937600
1999-06-16,6.01,6.42,5.98,6.41,4180700
1999-06-17,6.50,6.70,6.18,6.50,4464200
1999-06-18,6.55,6.63,6.30,6.49,3298400
1999-06-21,6.50,6.79,6.50,6.74,4091100
1999-06-22,6.74,7.15,6.52,7.08,4630800
1999-06-23,7.10,7.22,6.90,7.09,3939500
1999-06-24,7.11,7.12,6.94,7.01,4031400
1999-06-25,7.00,7.20,6.40,6.40,4820100
1999-06-28,6.46,6.80,6.46,6.73,3402700
1999-06-29,6.80,6.90,6.48,6.65,4214400
1999-06-30,6.70,7.10,6.69,6.96,6728800
1999-07-01,7.00,7.00,6.26,6.35,3435800
1999-07-02,6.41,6.78,6.31,6.61,1957300
1999-07-05,6.70,7.18,6.51,7.07,4659500
1999-07-06,7.07,7.30,6.76,6.95,4778700
1999-07-07,6.96,7.39,6.95,7.28,4401900
1999-07-08,7.35,7.68,7.23,7.53,5400500
1999-07-09,7.70,8.03,7.40,7.49,10477100
1999-07-12,7.48,7.62,7.01,7.30,4591500
1999-07-13,7.30,7.48,7.10,7.18,2389600
1999-07-14,7.30,7.50,7.20,7.46,1836700
1999-07-15,7.46,7.50,7.02,7.10,1675600
1999-07-16,7.60,7.60,7.05,7.48,4658000
1999-07-19,7.68,7.96,7.45,7.51,8226200
1999-07-20,7.52,8.00,7.41,7.98,6275100
1999-07-21,7.95,7.95,7.65,7.80,5187300
1999-07-22,7.80,7.98,7.45,7.47,3236800
1999-07-23,7.40,7.80,7.30,7.72,2608400
1999-07-26,7.74,7.96,7.68,7.75,2495200
1999-07-27,7.80,7.86,7.45,7.52,1651700
1999-07-28,7.50,7.59,7.40,7.41,1827200
1999-07-29,7.58,7.60,7.30,7.34,1360300
1999-07-30,7.35,7.45,7.14,7.20,2177700
1999-08-02,7.18,7.39,7.00,7.34,1999900
1999-08-03,7.34,7.45,7.11,7.40,1299000
1999-08-04,7.43,7.44,7.30,7.38,1003500
1999-08-05,7.38,7.40,7.18,7.21,1241900
1999-08-06,7.08,7.38,6.86,7.35,1456600
1999-08-09,7.33,7.33,7.10,7.16,1205100
1999-08-10,7.18,7.30,7.05,7.08,839200
1999-08-11,7.08,7.20,7.00,7.01,780900
1999-08-12,7.00,7.06,6.70,6.77,1072700
1999-08-13,6.70,6.90,6.59,6.65,1059400
1999-08-16,6.63,6.70,6.40,6.52,679400
1999-08-17,6.50,6.77,6.50,6.67,536000
1999-08-18,6.67,6.70,6.53,6.65,395200
1999-08-19,6.65,6.91,6.62,6.86,937100
1999-08-20,6.86,7.04,6.82,6.85,795800
1999-08-23,6.98,6.98,6.75,6.79,824200
1999-08-24,6.82,6.94,6.70,6.90,968500
1999-08-25,6.95,6.95,6.75,6.79,587700
1999-08-26,6.79,6.84,6.71,6.79,377000
1999-08-27,6.80,6.92,6.78,6.83,546600
1999-08-30,6.83,6.83,6.68,6.70,601800
1999-08-31,6.73,6.74,6.65,6.72,378900
1999-09-01,6.70,6.75,6.65,6.69,420800
1999-09-02,6.66,6.73,6.58,6.72,468900
1999-09-03,6.75,6.81,6.62,6.71,449400
1999-09-06,6.53,6.75,6.53,6.59,338500
1999-09-07,6.55,6.70,6.53,6.57,377000
1999-09-08,6.68,6.90,6.58,6.85,850900
1999-09-09,6.90,7.27,6.80,7.25,1964500
1999-09-10,7.28,7.35,7.00,7.08,1403900
1999-09-13,7.10,7.30,7.10,7.26,1004000
1999-09-14,7.28,7.39,7.22,7.39,1750400
1999-09-15,7.31,7.40,7.16,7.20,928900
1999-09-16,7.23,7.30,7.10,7.15,545200
1999-09-17,7.10,7.24,7.06,7.15,420600
1999-09-20,7.40,7.44,7.23,7.24,1025600
1999-09-21,7.28,7.30,7.06,7.14,407000
1999-09-22,7.25,7.29,7.15,7.19,638000
1999-09-23,7.28,7.28,7.00,7.07,883600
1999-09-24,7.18,7.25,7.04,7.08,666200
1999-09-27,7.25,7.59,7.20,7.54,5202700
1999-09-28,7.54,7.59,7.35,7.39,2270700
1999-09-29,7.40,7.66,7.38,7.40,1513000
1999-09-30,7.47,7.48,7.26,7.31,885700
1999-10-08,7.58,7.65,7.44,7.47,3029600
1999-10-11,7.50,7.58,7.33,7.56,1033800
1999-10-12,7.56,7.75,7.56,7.65,2061400
1999-10-13,7.65,7.69,7.26,7.33,1340300
1999-10-14,7.25,7.45,7.12,7.19,804000
1999-10-15,7.27,7.48,7.20,7.47,855200
1999-10-18,7.60,7.62,7.25,7.27,665000
1999-10-19,7.22,7.22,6.88,6.90,1254700
1999-10-20,6.90,7.10,6.78,6.92,570900
1999-10-21,6.92,6.92,6.71,6.75,632900
1999-10-22,6.76,7.02,6.76,6.95,753300
1999-10-25,7.05,7.21,6.95,7.08,892900
1999-10-26,7.08,7.20,7.06,7.12,475800
1999-10-27,7.35,7.45,7.18,7.29,982700
1999-10-28,7.29,7.30,7.10,7.15,602500
1999-10-29,7.15,7.20,6.90,7.03,627700
1999-11-01,6.99,6.99,6.80,6.88,444000
1999-11-02,6.81,6.98,6.81,6.91,202700
1999-11-03,6.95,6.95,6.84,6.84,333600
1999-11-04,6.82,6.95,6.76,6.85,276000
1999-11-05,6.82,6.97,6.80,6.84,173400
1999-11-08,6.84,6.95,6.72,6.82,446800
1999-11-09,6.85,6.86,6.73,6.73,317400
1999-11-10,6.73,6.73,6.51,6.60,820300
1999-11-11,6.58,6.66,6.52,6.55,242400
1999-11-12,6.55,6.64,6.51,6.56,194400
1999-11-15,6.52,6.75,6.52,6.67,189100
1999-11-16,6.73,6.76,6.53,6.55,328800
1999-11-17,6.51,6.70,6.50,6.69,178000
1999-11-18,6.72,6.86,6.63,6.79,477200
1999-11-19,6.79,6.85,6.68,6.70,213100
1999-11-22,6.70,6.70,6.51,6.58,351900
1999-11-23,6.58,6.67,6.54,6.58,274500
1999-11-24,6.60,6.68,6.55,6.59,219200
1999-11-25,6.52,6.60,6.50,6.53,279100
1999-11-26,6.67,6.67,6.53,6.60,168100
1999-11-29,6.68,6.68,6.51,6.56,200600
1999-11-30,6.57,6.66,6.57,6.66,284400
1999-12-01,6.66,6.71,6.60,6.65,290900
1999-12-02,6.65,6.71,6.60,6.62,181800
1999-12-03,6.62,6.75,6.55,6.74,433700
1999-12-06,6.74,6.74,6.50,6.63,229500
1999-12-07,6.68,6.68,6.54,6.59,141000
1999-12-08,6.59,6.64,6.54,6.55,169000
1999-12-09,6.51,6.59,6.50,6.52,271100
1999-12-10,6.52,6.52,6.40,6.48,268900
1999-12-13,6.48,6.48,6.28,6.28,439000
1999-12-14,6.28,6.36,6.16,6.22,454600
1999-12-15,6.32,6.40,6.18,6.32,433500
1999-12-16,6.32,6.33,6.19,6.20,322700
1999-12-17,6.30,6.30,6.18,6.21,212300
1999-12-21,6.15,6.15,6.03,6.05,256600
1999-12-22,6.02,6.09,5.90,5.94,313600
1999-12-23,5.94,6.00,5.88,5.90,232800
1999-12-24,5.84,5.93,5.81,5.90,163400
1999-12-27,5.96,5.99,5.83,5.89,205100
1999-12-28,5.85,6.00,5.82,5.87,154500
1999-12-29,5.87,5.95,5.81,5.92,135300
1999-12-30,5.92,6.00,5.92,5.98,89200
2000-01-04,6.00,6.09,5.90,6.06,445600
2000-01-05,6.06,6.27,5.99,6.06,434600
2000-01-06,6.05,6.35,6.03,6.35,624700
2000-01-07,6.36,6.72,6.36,6.61,2058800
2000-01-10,6.98,7.27,6.98,7.27,5632100
2000-01-11,7.49,7.49,6.80,6.83,3515000
2000-01-12,6.80,7.00,6.58,6.67,1483800
2000-01-13,6.62,6.70,6.48,6.50,763600
2000-01-14,6.60,6.60,6.20,6.30,729900
2000-01-17,6.28,6.53,6.12,6.50,549300
2000-01-18,6.50,6.65,6.34,6.54,599600
2000-01-19,6.59,6.64,6.50,6.55,427000
2000-01-20,6.54,6.79,6.25,6.63,563900
2000-01-21,6.70,6.72,6.44,6.50,984300
2000-01-24,6.49,6.49,6.29,6.35,1304900
2000-01-25,6.36,6.66,6.36,6.52,778800
2000-01-26,6.52,6.70,6.52,6.54,686900
2000-01-27,6.60,6.60,6.38,6.42,968400
2000-01-28,6.46,6.50,6.30,6.43,1446200
2000-02-14,6.60,7.03,6.60,7.02,1845600
2000-02-15,7.12,7.16,6.50,6.60,2851200
2000-02-16,6.60,6.91,6.52,6.83,1950400
2000-02-17,6.90,7.08,6.52,6.68,2197700
2000-02-18,6.58,6.80,6.56,6.60,1189800
2000-02-21,6.62,6.80,6.48,6.70,1506900
2000-02-22,6.75,7.10,6.73,6.77,2651700
2000-02-23,6.75,6.75,6.51,6.57,1079300
2000-02-24,6.55,6.70,6.48,6.66,1034300
2000-02-25,6.66,6.66,6.46,6.54,1266000
2000-02-28,6.50,6.74,6.40,6.66,1552100
2000-02-29,7.33,7.33,6.85,6.95,3650500
2000-03-01,7.00,7.08,6.80,6.86,2379600
2000-03-02,6.88,7.02,6.83,7.01,2126100
2000-03-03,7.05,7.30,6.95,7.23,3607300
2000-03-06,7.40,7.65,7.00,7.03,5156100
2000-03-07,7.00,7.25,6.91,7.20,1868700
2000-03-08,7.25,7.48,7.12,7.44,3681400
2000-03-09,7.50,7.58,7.29,7.45,3723700
2000-03-10,7.50,7.70,7.42,7.54,6051000
2000-03-13,7.58,8.28,7.57,8.21,15406400
2000-03-14,8.20,8.20,7.61,8.00,8657900
2000-03-15,8.00,8.10,7.83,7.86,3883300
2000-03-16,7.85,7.85,7.21,7.29,4001600
2000-03-17,7.20,7.53,7.15,7.52,2702300
2000-03-20,7.48,7.95,7.35,7.88,3198000
2000-03-21,7.88,7.95,7.66,7.77,2568000
2000-03-22,7.78,7.86,7.51,7.68,1807000
2000-03-23,7.68,7.85,7.58,7.83,2651700
2000-03-24,7.90,8.18,7.82,7.85,4920900
2000-03-27,7.92,8.20,7.90,8.15,3957100
2000-03-28,8.20,8.55,8.20,8.42,5408800
2000-03-29,8.52,8.55,8.10,8.26,3521900
2000-03-30,8.30,8.35,8.18,8.35,2678900
2000-03-31,8.35,8.40,8.10,8.25,2695700
2000-04-03,8.35,8.50,8.08,8.08,1572300
2000-04-04,8.00,8.05,7.70,7.72,2216800
2000-04-05,7.70,7.88,7.63,7.82,1438900
2000-04-06,7.80,8.08,7.80,8.04,1766600
2000-04-07,8.05,8.15,8.00,8.09,1957500
2000-04-10,8.15,8.45,8.15,8.32,2736000
2000-04-11,8.32,8.37,8.01,8.03,1666200
2000-04-12,8.01,8.15,7.89,8.08,1363800
2000-04-13,8.05,8.35,8.02,8.16,1762900
2000-04-14,8.18,8.25,8.07,8.12,1593200
2000-04-17,8.13,8.17,7.78,7.87,2198200
2000-04-18,7.88,7.98,7.81,7.95,1313600
2000-04-19,7.95,8.17,7.93,8.06,1466900
2000-04-20,8.10,8.25,8.05,8.21,2372600
2000-04-21,8.30,8.32,8.00,8.04,1566100
2000-04-24,7.99,8.12,7.85,8.03,1444700
2000-04-25,8.05,8.12,7.92,7.99,809700
2000-04-26,8.05,8.18,7.97,8.03,1033300
2000-04-27,8.03,8.10,7.79,7.80,1082500
2000-04-28,7.80,7.89,7.68,7.87,1284000
2000-05-08,7.90,7.94,7.70,7.78,820100
2000-05-09,7.75,7.76,7.58,7.65,1191100
2000-05-10,7.70,7.70,7.28,7.30,1095800
2000-05-11,7.25,7.40,7.20,7.20,646900
2000-05-12,7.18,7.30,7.10,7.18,694500
2000-05-15,7.18,7.23,7.01,7.09,662200
2000-05-16,7.10,7.23,7.08,7.20,494500
2000-05-17,7.23,7.24,7.12,7.16,341400
2000-05-18,7.21,7.36,7.15,7.34,643900
2000-05-19,7.36,7.40,7.26,7.37,705600
2000-05-22,7.45,7.63,7.37,7.57,1285600
2000-05-23,7.61,7.63,7.45,7.53,819300
2000-05-24,7.55,7.86,7.55,7.70,1372300
2000-05-25,7.80,7.89,7.69,7.88,1428700
2000-05-26,7.99,8.02,7.76,7.83,1821200
2000-05-29,8.05,8.61,8.05,8.61,6016300
2000-05-30,8.90,8.95,8.41,8.48,7136600
2000-05-31,8.30,8.50,8.23,8.38,2964300
2000-06-01,8.50,8.50,8.20,8.23,2198500
2000-06-02,8.28,8.40,8.18,8.36,2302500
2000-06-05,8.45,8.66,8.15,8.21,3095000
2000-06-06,8.15,8.31,8.08,8.31,1512800
2000-06-07,8.40,8.40,8.23,8.32,1467000
2000-06-08,8.32,8.35,8.16,8.25,1124100
2000-06-09,8.25,8.30,8.05,8.07,1594700
2000-06-12,8.02,8.30,7.90,8.25,1288100
2000-06-13,8.24,8.40,8.23,8.35,1540100
2000-06-14,8.39,8.55,8.28,8.38,3360300
2000-06-15,8.30,8.60,8.29,8.53,2928200
2000-06-16,8.60,8.67,8.40,8.40,2293600
2000-06-19,8.40,8.55,8.40,8.42,1393700
2000-06-20,8.45,8.49,8.26,8.44,1708600
2000-06-21,8.45,8.86,8.40,8.78,5659200
2000-06-22,8.80,8.85,8.60,8.73,2342200
2000-06-23,8.75,9.18,8.75,9.04,6720600
2000-06-26,9.10,9.38,9.10,9.21,5015900
2000-06-27,9.24,9.30,9.00,9.23,3044300
2000-06-28,9.28,9.40,9.10,9.12,2530100
2000-06-29,9.12,9.18,8.80,8.93,2991300
2000-06-30,8.93,9.18,8.70,8.97,2607300
2000-07-03,8.91,9.19,8.75,8.97,2081200
2000-07-04,8.95,9.10,8.76,8.88,2045800
2000-07-05,8.88,9.19,8.88,9.18,2795000
2000-07-06,9.20,9.48,9.18,9.31,3793200
2000-07-07,9.30,9.45,9.22,9.38,2124900
2000-07-10,9.50,9.98,9.50,9.95,4897500
2000-07-11,10.00,10.18,9.80,9.84,4204900
2000-07-12,9.98,10.82,9.91,10.48,7708400
2000-07-13,10.50,10.99,10.30,10.55,6618500
2000-07-14,10.55,10.60,10.30,10.51,3102000
2000-07-17,10.51,10.58,10.12,10.23,3454400
2000-07-18,10.30,10.80,10.28,10.68,4082500
2000-07-19,10.75,10.75,10.38,10.49,2072800
2000-07-20,10.50,10.58,10.25,10.32,1581400
2000-07-21,10.33,10.40,10.32,10.36,1134300
2000-07-24,10.30,10.32,10.01,10.07,2500900
2000-07-25,10.05,10.28,10.00,10.16,1327900
2000-07-26,10.10,10.23,10.08,10.19,1208200
2000-07-27,10.20,10.45,10.11,10.19,1323800
2000-07-28,10.19,10.29,9.80,10.03,2138300
2000-07-31,10.00,10.18,9.88,10.17,1522500
2000-08-01,10.20,10.38,10.10,10.36,1254900
2000-08-02,10.38,10.43,10.25,10.28,778600
2000-08-03,10.30,10.30,9.96,10.00,2272300
2000-08-04,10.00,10.10,9.88,9.94,1532600
2000-08-07,9.90,9.90,9.50,9.69,1599400
2000-08-08,9.69,9.98,9.60,9.85,1094000
2000-08-09,9.85,9.87,9.69,9.71,1330200
2000-08-10,9.70,9.77,9.50,9.76,1994000
2000-08-11,9.76,9.88,9.60,9.68,815300
2000-08-14,9.70,9.70,9.51,9.68,941500
2000-08-15,9.68,10.12,9.68,10.12,1846000
2000-08-16,10.15,10.25,10.01,10.14,1177700
2000-08-17,10.15,10.16,9.90,9.94,876400
2000-08-18,9.90,10.10,9.85,10.00,829500
2000-08-21,9.95,10.28,9.90,10.25,1964800
2000-08-22,10.50,10.50,10.00,10.03,2032900
2000-08-23,10.00,10.13,9.33,9.93,2842900
2000-08-24,10.03,10.07,9.80,9.91,1366700
2000-08-25,9.96,10.40,9.96,10.40,3535300
2000-08-28,10.45,10.64,10.35,10.60,4055500
2000-08-29,10.60,10.65,10.40,10.48,1620600
2000-08-30,10.42,10.50,10.20,10.31,2103800
2000-08-31,10.20,10.60,10.13,10.30,4561700
2000-09-01,10.26,10.40,9.81,9.85,2677200
2000-09-04,9.80,9.98,9.60,9.92,1778800
2000-09-05,9.95,10.05,9.62,9.66,1218100
2000-09-06,9.60,9.80,9.50,9.54,1171900
2000-09-07,9.55,9.80,9.51,9.62,1033600
2000-09-08,9.75,10.20,9.68,10.13,4494700
2000-09-11,10.14,10.20,9.99,10.19,1558300
2000-09-12,10.20,10.33,10.10,10.25,1394600
2000-09-13,10.28,10.34,10.13,10.19,1632100
2000-09-14,10.18,10.28,10.00,10.07,960400
2000-09-15,10.10,10.25,10.00,10.08,1092100
2000-09-18,10.20,10.45,10.12,10.17,2532500
2000-09-19,10.12,10.35,9.90,10.10,2653900
2000-09-20,10.07,10.45,10.06,10.41,3407200
2000-09-21,10.49,10.49,10.23,10.27,1880900
2000-09-22,10.25,10.33,9.85,9.87,2209600
2000-09-25,9.73,9.85,9.43,9.45,1771300
2000-09-26,9.41,9.58,9.38,9.48,921600
2000-09-27,9.50,9.72,9.50,9.70,422100
2000-09-28,9.75,9.78,9.45,9.45,621700
2000-09-29,9.45,9.65,9.38,9.55,535200
2000-10-09,9.55,9.74,9.45,9.71,439200
2000-10-10,9.72,10.23,9.00,10.20,2918800
2000-10-11,10.15,10.18,9.90,9.95,1303800
2000-10-12,9.95,9.98,9.68,9.82,818900
2000-10-13,9.82,9.95,9.70,9.80,550500
2000-10-16,9.80,10.09,9.20,9.89,900000
2000-10-17,9.88,10.05,9.78,10.03,630900
2000-10-18,10.00,10.10,9.90,9.97,607100
2000-10-19,9.96,10.17,9.96,10.05,1077600
2000-10-20,10.10,10.16,9.98,10.10,1115000
2000-10-23,10.12,10.39,10.11,10.27,2454400
2000-10-24,10.30,10.35,10.13,10.25,1204000
2000-10-25,10.30,10.38,10.20,10.29,1794400
2000-10-26,10.30,10.32,10.08,10.10,1313500
2000-10-27,10.10,10.20,9.98,10.10,1019900
2000-10-30,10.10,10.49,10.00,10.36,1881700
2000-10-31,10.40,10.45,10.10,10.14,1062400
2000-11-01,10.14,10.27,10.00,10.21,601400
2000-11-02,10.22,10.40,10.11,10.37,2052100
2000-11-03,10.38,10.68,10.25,10.64,3430900
2000-11-06,10.68,10.89,10.53,10.60,4841600
2000-11-07,10.54,10.79,10.51,10.77,1970300
2000-11-08,10.80,11.18,10.71,11.14,6324100
2000-11-09,11.20,11.45,11.00,11.20,6479000
2000-11-10,11.27,11.40,11.10,11.20,3680100
2000-11-13,11.21,11.29,10.96,11.07,3402900
2000-11-14,11.08,11.25,10.90,11.24,3098800
2000-11-15,11.21,11.23,10.95,11.01,2166500
2000-11-16,11.04,11.35,11.00,11.31,2229100
2000-11-17,11.30,11.39,11.12,11.15,1667600
2000-11-20,11.10,11.15,10.78,10.94,2017200
2000-11-21,11.00,11.14,10.87,10.88,1448500
2000-11-22,10.90,11.08,10.81,11.01,1708500
2000-11-23,11.03,11.08,10.90,10.99,1676500
2000-11-24,10.99,11.08,10.41,10.48,2802700
2000-11-27,10.40,10.56,10.33,10.50,1490800
2000-11-28,10.50,10.65,10.45,10.64,955000
2000-11-29,10.65,10.65,10.40,10.45,1189000
2000-11-30,10.45,10.75,10.40,10.70,857700
2000-12-01,10.75,10.88,10.65,10.86,965500
2000-12-04,10.85,10.94,10.74,10.92,703400
2000-12-05,10.91,11.15,10.91,10.98,1198400
2000-12-06,10.96,11.00,10.58,10.62,1022400
2000-12-07,10.61,10.75,10.53,10.64,826200
2000-12-08,10.64,10.80,10.60,10.67,564400
2000-12-11,10.75,10.80,10.45,10.46,738600
2000-12-12,10.41,10.62,10.41,10.58,511500
2000-12-13,10.58,10.63,10.50,10.57,411100
2000-12-14,10.55,10.60,10.44,10.46,655900
2000-12-15,10.46,10.55,10.42,10.44,428600
2000-12-18,10.45,10.52,10.25,10.35,613000
2000-12-19,10.40,10.55,10.38,10.42,381700
2000-12-20,10.47,10.55,10.37,10.54,488500
2000-12-21,10.54,10.65,10.50,10.54,525200
2000-12-22,10.60,10.60,10.36,10.38,623100
2000-12-25,10.35,10.55,10.35,10.54,551900
2000-12-26,10.59,10.71,10.55,10.70,528200
2000-12-27,10.72,10.78,10.45,10.47,832300
2000-12-28,10.45,10.67,10.40,10.60,1305200
2000-12-29,10.70,10.83,10.60,10.76,1048600
2001-01-02,10.78,10.92,10.78,10.91,974700
2001-01-03,10.95,10.96,10.80,10.92,865400
2001-01-04,10.90,11.00,10.85,10.92,1035000
2001-01-05,10.92,11.16,10.89,11.11,1533500
2001-01-08,11.15,11.24,10.91,11.01,1350800
2001-01-09,11.01,11.12,10.95,11.09,971200
2001-01-10,11.10,11.43,11.09,11.28,1977700
2001-01-11,11.31,11.38,11.18,11.20,1133500
2001-01-12,11.23,11.35,11.13,11.15,1066200
2001-01-15,11.15,11.15,10.60,10.63,1231700
2001-01-16,10.57,10.80,10.50,10.80,751000
2001-01-17,10.80,10.88,10.75,10.75,437000
2001-01-18,10.74,10.80,10.70,10.75,537000
2001-01-19,10.80,11.05,10.80,10.94,786700
2001-02-05,11.00,11.05,10.63,10.64,581800
2001-02-06,10.60,10.78,10.43,10.77,507300
2001-02-07,10.75,10.93,10.65,10.77,471600
2001-02-08,10.80,10.95,10.50,10.51,496500
2001-02-09,10.54,10.74,10.54,10.72,476400
2001-02-12,10.95,11.15,10.80,11.09,4038100
2001-02-13,11.10,11.18,11.02,11.08,1258100
2001-02-14,11.00,11.15,10.94,11.15,980300
2001-02-15,11.15,11.20,11.03,11.05,868400
2001-02-16,11.00,11.10,10.80,11.08,894600
2001-02-19,11.15,11.32,11.05,11.14,2192400
2001-02-20,11.20,11.24,11.04,11.20,1481900
2001-02-21,11.19,11.42,11.08,11.28,4189400
2001-02-22,11.20,11.48,11.11,11.38,2272800
2001-02-23,11.43,11.47,11.16,11.35,2019100
2001-02-26,11.38,11.68,11.35,11.64,3387800
2001-02-27,11.65,11.68,11.50,11.64,1884000
2001-02-28,11.64,11.64,11.36,11.40,1694500
2001-03-01,11.40,11.74,11.36,11.70,2253100
2001-03-02,11.70,11.78,11.60,11.68,2045800
2001-03-05,11.71,11.90,11.65,11.83,2156400
2001-03-06,11.85,11.98,11.78,11.95,2204700
2001-03-07,11.95,12.17,11.80,11.82,3522500
2001-03-08,11.78,11.82,11.50,11.56,4442700
2001-03-09,11.50,11.78,11.50,11.60,1984300
2001-03-12,11.60,11.62,11.43,11.59,1554800
2001-03-13,11.59,11.80,11.50,11.80,1524300
2001-03-14,11.80,11.88,11.75,11.82,1617600
2001-03-15,11.83,12.16,11.82,12.07,4285100
2001-03-16,12.10,12.18,11.90,11.92,2494000
2001-03-19,11.93,12.05,11.85,11.98,1556600
2001-03-20,11.98,12.04,11.78,11.84,1747800
2001-03-21,11.83,11.90,11.79,11.81,1665800
2001-03-23,11.85,12.05,11.71,11.78,1252200
2001-03-26,11.73,11.94,11.68,11.92,1887700
2001-03-27,11.95,11.98,11.78,11.88,1882700
2001-03-28,11.88,12.10,11.78,12.07,1914000
2001-03-29,12.10,12.35,12.10,12.23,3184700
2001-03-30,12.25,12.35,12.15,12.24,1312800
2001-04-02,12.30,12.42,12.21,12.37,2019400
2001-04-03,12.39,12.40,12.10,12.17,1479200
2001-04-04,12.20,12.25,11.78,11.82,1658600
2001-04-05,11.75,11.82,11.30,11.71,2642800
2001-04-06,11.70,11.71,11.50,11.52,2753100
2001-04-09,11.47,11.73,11.42,11.60,1904600
2001-04-10,11.64,11.78,11.52,11.76,1268200
2001-04-11,11.80,11.80,11.58,11.60,1007300
2001-04-12,11.61,11.70,11.51,11.55,1189900
2001-04-13,11.56,11.68,11.50,11.56,919400
2001-04-16,11.56,11.65,11.50,11.63,1495100
2001-04-17,11.63,11.66,11.50,11.53,1463500
2001-04-18,11.55,11.59,11.34,11.35,2167800
2001-04-19,11.30,11.49,11.30,11.43,942900
2001-04-20,11.49,11.50,11.15,11.18,1652900
2001-04-23,11.15,11.15,10.96,11.03,1701400
2001-04-24,11.03,11.25,11.03,11.18,662100
2001-04-25,11.22,11.22,11.10,11.11,853600
2001-04-26,11.10,11.30,11.06,11.25,661100
2001-04-27,11.20,11.39,11.20,11.34,588800
2001-04-30,11.40,11.44,11.33,11.41,870400
2001-05-09,11.44,11.46,11.26,11.28,488600
2001-05-10,11.27,11.36,11.15,11.16,576800
2001-05-11,11.16,11.22,11.10,11.17,550300
2001-05-14,11.17,11.17,11.04,11.15,859400
2001-05-15,11.18,11.44,11.18,11.43,954900
2001-05-16,11.69,11.69,11.50,11.51,851400
2001-05-17,11.52,11.59,11.43,11.50,762700
2001-05-18,11.50,11.54,11.43,11.48,569700
2001-05-21,11.50,11.68,11.50,11.67,1272000
2001-05-22,11.55,11.55,11.33,11.41,586700
2001-05-23,11.39,11.40,11.19,11.22,673300
2001-05-24,11.22,11.29,11.17,11.22,634300
2001-05-25,11.22,11.41,11.22,11.39,718500
2001-05-28,11.42,11.42,11.20,11.26,548100
2001-05-29,11.20,11.40,11.20,11.35,697000
2001-05-30,11.35,11.55,11.34,11.51,1150000
2001-05-31,11.52,11.72,11.50,11.71,1705400
2001-06-01,11.71,11.75,11.61,11.64,804700
2001-06-04,11.68,11.70,11.56,11.57,837600
2001-06-05,11.60,11.70,11.58,11.63,953300
2001-06-06,11.65,11.69,11.49,11.57,996000
2001-06-07,11.55,11.67,11.55,11.58,876200
2001-06-08,11.60,11.61,11.43,11.50,646800
2001-06-11,11.50,11.69,11.41,11.69,933900
2001-06-12,11.73,12.03,11.71,11.88,2613000
2001-06-13,11.95,12.00,11.80,11.87,1408600
2001-06-14,11.90,11.95,11.60,11.61,1145900
2001-06-15,11.58,11.90,11.50,11.85,960400
2001-06-18,11.80,11.95,11.48,11.55,1001400
2001-06-19,11.52,11.75,11.52,11.65,548700
2001-06-20,11.85,11.85,11.60,11.61,369500
2001-06-21,11.65,11.68,11.60,11.66,470500
2001-06-22,11.68,11.73,11.60,11.65,505400
2001-06-25,11.65,11.88,11.65,11.81,1052500
2001-06-26,11.76,11.88,11.72,11.79,962000
2001-06-27,11.79,11.95,11.75,11.86,1619900
2001-06-28,11.80,11.89,11.63,11.67,945900
2001-06-29,11.67,11.67,11.50,11.52,666700
2001-07-02,11.52,11.60,11.41,11.44,687400
2001-07-03,11.44,11.65,11.38,11.60,529200
2001-07-04,11.70,11.70,11.48,11.52,417900
2001-07-05,11.50,11.52,11.36,11.38,637900
2001-07-06,11.36,11.46,11.25,11.26,421300
2001-07-09,11.30,11.32,11.20,11.22,243400
2001-07-10,11.22,11.36,11.20,11.35,472200
2001-07-11,11.33,11.50,11.30,11.44,546600
2001-07-12,11.40,11.50,11.39,11.46,359200
2001-07-13,11.45,11.55,11.38,11.40,285700
2001-07-16,11.40,11.47,11.10,11.18,413400
2001-07-17,11.18,11.25,11.03,11.16,348600
2001-07-18,11.11,11.30,11.11,11.17,251900
2001-07-19,11.16,11.22,11.16,11.21,194600
2001-07-20,11.56,11.70,11.41,11.58,1043600
2001-07-23,11.62,11.79,11.20,11.72,1185900
2001-07-24,11.60,11.71,11.45,11.58,727800
2001-07-25,11.55,11.60,11.48,11.49,442100
2001-07-26,11.49,11.55,11.35,11.38,307300
2001-07-27,11.38,11.40,11.20,11.24,323900
2001-07-30,11.24,11.24,10.61,10.67,632200
2001-07-31,10.62,10.88,10.26,10.37,567800
2001-08-01,10.38,10.75,10.38,10.74,562900
2001-08-02,10.74,10.74,10.36,10.52,305000
2001-08-03,10.50,10.73,10.50,10.70,212800
2001-08-06,10.70,10.70,10.22,10.28,345200
2001-08-07,10.28,10.49,10.08,10.45,402000
2001-08-08,10.48,10.56,10.28,10.46,160400
2001-08-09,10.51,10.70,10.50,10.68,272000
2001-08-10,10.70,10.80,10.68,10.72,261600
2001-08-13,10.70,10.75,10.60,10.63,240100
2001-08-14,10.65,10.70,10.49,10.49,230300
2001-08-15,10.49,10.54,10.46,10.50,232000
2001-08-16,10.52,10.53,10.20,10.25,439300
2001-08-17,10.27,10.43,10.20,10.38,345900
2001-08-20,10.30,10.50,10.22,10.40,141400
2001-08-21,10.35,10.40,10.22,10.40,657300
2001-08-22,10.35,10.35,10.23,10.26,238700
2001-08-23,10.20,10.20,10.08,10.15,299300
2001-08-24,10.05,10.29,9.89,9.90,534500
2001-08-27,9.78,9.80,9.41,9.45,638600
2001-08-28,9.30,9.79,9.25,9.76,352100
2001-08-29,9.75,9.89,9.60,9.80,339900
2001-08-30,9.70,9.80,9.70,9.75,149600
2001-08-31,9.75,9.82,9.74,9.77,141300
2001-09-03,9.85,9.85,9.67,9.75,161400
2001-09-04,9.78,9.95,9.77,9.94,275600
2001-09-05,9.98,10.13,9.92,10.00,326500
2001-09-06,10.00,10.07,9.80,9.95,143100
2001-09-07,9.94,9.96,9.85,9.88,385400
2001-09-10,9.81,10.13,9.50,10.06,328700
2001-09-11,10.12,10.12,9.99,10.07,209900
2001-09-12,9.87,9.98,9.42,9.88,343300
2001-09-13,9.88,10.15,9.88,10.09,430300
2001-09-14,10.07,10.23,10.00,10.07,608100
2001-09-17,10.07,10.07,9.83,9.91,290600
2001-09-18,9.90,10.25,9.90,10.10,677600
2001-09-19,10.18,10.24,10.03,10.23,220000
2001-09-20,10.23,10.23,9.98,10.04,627200
2001-09-21,9.98,10.10,9.85,9.98,269500
2001-09-24,10.00,10.07,9.98,9.98,148400
2001-09-25,10.02,10.05,9.90,10.00,115500
2001-09-26,9.91,9.96,9.85,9.93,235600
2001-09-27,9.90,10.00,9.70,9.95,242700
2001-09-28,9.95,10.09,9.85,9.93,94100
2001-10-08,10.00,10.20,9.81,9.92,138200
2001-10-09,9.95,10.00,9.83,9.94,181300
2001-10-10,10.00,10.04,9.56,9.57,204100
2001-10-11,9.55,9.80,9.30,9.31,282200
2001-10-12,9.28,9.60,9.01,9.48,289800
2001-10-15,9.60,9.60,9.36,9.47,220200
2001-10-16,9.35,9.60,9.35,9.60,132500
2001-10-17,9.47,9.65,9.35,9.50,108400
2001-10-18,9.40,9.51,9.20,9.28,96600
2001-10-19,9.25,9.28,8.85,9.10,422100
2001-10-22,8.86,9.20,8.76,8.94,358400
2001-10-23,9.50,9.83,9.41,9.83,1495600
2001-10-24,10.00,10.17,9.65,9.88,1421600
2001-10-25,9.62,9.74,9.51,9.54,312000
2001-10-26,9.51,9.59,9.28,9.36,220700
2001-10-29,9.27,9.55,9.27,9.55,241600
2001-10-30,9.56,9.65,9.39,9.45,104600
2001-10-31,9.50,9.50,9.30,9.48,84000
2001-11-01,9.49,9.52,9.41,9.48,181200
2001-11-02,9.47,9.50,9.37,9.42,157400
2001-11-05,9.40,9.40,9.23,9.30,102000
2001-11-06,9.35,9.35,9.25,9.26,66600
2001-11-07,9.26,9.26,8.90,8.93,240100
2001-11-08,8.80,9.19,8.60,9.00,387700
2001-11-09,8.90,9.10,8.88,9.01,118800
2001-11-12,9.01,9.08,8.88,8.92,68400
2001-11-13,8.82,8.96,8.82,8.85,90700
2001-11-14,8.96,8.96,8.80,8.85,77500
2001-11-15,8.85,9.18,8.85,8.98,153100
2001-11-16,9.48,9.87,9.14,9.14,629700
2001-11-19,9.15,9.27,9.13,9.25,112600
2001-11-20,9.25,9.40,9.23,9.36,195000
2001-11-21,9.36,9.58,9.30,9.55,270000
2001-11-22,9.51,9.60,9.45,9.60,243400
2001-11-23,9.56,9.60,9.45,9.56,195400
2001-11-26,9.56,9.59,9.38,9.43,131200
2001-11-27,9.47,9.70,9.39,9.67,315500
2001-11-28,9.67,9.79,9.59,9.76,362700
2001-11-29,9.76,9.87,9.63,9.75,472300
2001-11-30,9.54,9.88,9.54,9.85,539100
2001-12-03,9.95,10.05,9.75,10.00,776000
2001-12-04,10.00,10.02,9.90,9.99,320400
2001-12-05,9.99,10.08,9.90,10.00,726700
2001-12-06,9.90,10.13,9.90,10.05,735000
2001-12-07,10.11,10.11,9.98,10.04,254100
2001-12-10,10.02,10.02,9.93,9.98,150900
2001-12-11,9.95,10.01,9.88,9.96,274900
2001-12-12,9.91,10.00,9.78,9.89,301600
2001-12-13,9.87,9.87,9.65,9.65,213200
2001-12-14,9.61,9.75,9.58,9.61,208300
2001-12-17,9.40,9.85,9.40,9.80,216800
2001-12-18,9.78,9.98,9.78,9.96,255000
2001-12-19,9.95,10.00,9.88,9.94,240900
2001-12-20,9.90,9.90,9.74,9.88,436200
2001-12-21,9.83,10.06,9.83,10.01,1047700
2001-12-24,10.02,10.05,9.85,10.00,399000
2001-12-25,9.95,10.15,9.90,10.15,385600
2001-12-26,10.18,10.27,10.05,10.26,455500
2001-12-27,10.26,10.47,10.22,10.35,1293700
2001-12-28,10.30,10.40,10.16,10.25,1048500
2001-12-31,10.33,10.35,10.20,10.29,330200
2002-01-04,10.25,10.40,10.23,10.40,480700
2002-01-07,10.38,10.46,10.25,10.44,428200
2002-01-08,10.40,10.44,10.28,10.34,298100
2002-01-09,10.13,10.22,9.91,9.99,484800
2002-01-10,9.90,10.36,9.85,10.31,522800
2002-01-11,10.28,10.33,10.12,10.23,456100
2002-01-14,9.96,10.18,9.96,10.09,566200
2002-01-15,9.95,10.13,9.86,10.08,473100
2002-01-16,10.08,10.35,9.87,10.27,449700
2002-01-17,10.20,10.26,9.88,10.04,417900
2002-01-18,9.95,10.09,9.75,9.99,648300
2002-01-21,10.00,10.00,8.99,9.50,2123700
2002-01-22,9.03,9.72,9.03,9.59,1385100
2002-01-23,9.36,10.30,9.35,10.23,708600
2002-01-24,10.00,10.50,9.88,10.40,1645700
2002-01-25,10.60,10.99,10.45,10.59,2895700
2002-01-28,10.40,10.75,10.25,10.45,1732500
2002-01-29,10.08,10.75,10.08,10.66,1116900
2002-01-30,10.60,10.73,10.38,10.53,523600
2002-01-31,10.60,11.10,10.60,10.99,3154500
2002-02-01,10.99,11.05,10.76,10.80,813200
2002-02-04,10.82,11.12,10.72,11.07,1486200
2002-02-05,11.05,11.19,10.90,11.02,783400
2002-02-06,10.99,11.07,10.80,10.81,471000
2002-02-07,10.78,11.18,10.72,11.06,1244700
2002-02-08,11.00,11.28,11.00,11.07,1357800
2002-02-25,11.35,11.38,11.08,11.23,1597600
2002-02-26,11.18,11.33,11.08,11.14,1041700
2002-02-27,11.20,11.25,11.00,11.04,918600
2002-02-28,10.99,11.14,10.75,10.80,718100
2002-03-01,10.75,11.04,10.75,10.80,457600
2002-03-04,10.79,11.00,10.75,10.92,400600
2002-03-05,10.92,11.26,10.91,11.11,1177100
2002-03-06,11.28,11.45,10.96,11.00,3603600
2002-03-07,11.00,11.14,10.84,11.10,2550800
2002-03-08,11.11,11.20,10.85,11.04,2807100
2002-03-11,11.05,11.10,10.86,11.00,2692500
2002-03-12,11.02,11.08,10.80,10.84,2235900
2002-03-13,10.79,11.20,10.73,11.11,2901800
2002-03-14,11.08,11.34,11.00,11.19,3260300
2002-03-15,11.25,11.30,10.77,10.80,2212300
2002-03-18,10.96,11.05,10.59,10.69,1356100
2002-03-19,10.69,10.90,10.63,10.81,2364600
2002-03-20,10.81,10.88,10.70,10.80,1758600
2002-03-21,10.80,10.90,10.50,10.59,5473700
2002-03-22,10.63,11.18,10.63,10.97,7708300
2002-03-29,10.59,10.60,10.01,10.22,1108300
2002-04-01,10.25,10.40,10.24,10.31,589000
2002-04-02,10.38,10.38,10.08,10.15,834800
2002-04-03,10.10,10.18,10.09,10.11,499800
2002-04-04,10.12,10.31,10.03,10.27,461800
2002-04-05,10.27,10.34,10.21,10.27,662800
2002-04-08,10.27,10.27,10.15,10.19,347900
2002-04-09,10.26,10.58,10.25,10.50,1002800
2002-04-10,10.50,10.56,10.39,10.39,1094800
2002-04-11,10.15,10.96,10.11,10.43,14585200
2002-04-12,10.39,10.50,10.30,10.37,1872400
2002-04-15,10.30,10.35,10.15,10.20,1211700
2002-04-16,10.20,10.35,10.09,10.18,1158100
2002-04-17,10.15,10.26,10.10,10.12,1439800
2002-04-18,10.12,10.24,10.10,10.10,649500
2002-04-19,10.08,10.13,9.90,10.08,1288900
2002-04-22,10.13,10.13,9.92,9.94,685500
2002-04-23,9.94,10.08,9.93,9.98,498135
2002-04-24,9.98,9.99,9.73,9.75,1131332
2002-04-25,9.73,9.92,9.73,9.86,372972
2002-04-26,9.85,10.18,9.85,10.11,562693
2002-04-29,10.10,10.22,10.00,10.21,1211310
2002-04-30,10.23,10.30,10.08,10.26,1170755
2002-05-08,10.28,10.28,10.10,10.17,480700
2002-05-09,10.15,10.25,10.08,10.18,654261
2002-05-10,10.15,10.17,10.05,10.13,370089
2002-05-13,9.90,10.12,9.90,9.96,398667
2002-05-14,9.96,9.98,9.81,9.82,491250
2002-05-15,9.83,9.89,9.76,9.77,401328
2002-05-16,9.74,9.74,9.38,9.40,958313
2002-05-17,9.40,9.60,9.35,9.53,673795
2002-05-21,9.53,9.86,9.53,9.84,1116818
2002-05-22,10.05,10.05,9.50,9.63,1330507
2002-05-23,9.65,9.72,9.55,9.58,411770
2002-05-24,9.58,9.58,9.38,9.38,448444
2002-05-27,9.50,9.55,9.27,9.28,412594
2002-05-28,9.40,9.43,9.31,9.35,438055
2002-05-29,9.30,9.34,9.25,9.29,442855
2002-05-30,9.38,9.38,9.22,9.36,346442
2002-05-31,9.35,9.48,9.35,9.40,483890
2002-06-03,9.38,9.40,9.26,9.39,409063
2002-06-04,9.45,9.48,9.30,9.44,371608
2002-06-05,9.40,9.40,9.20,9.31,451006
2002-06-06,9.38,9.64,9.20,9.50,1209971
2002-06-07,9.55,9.80,9.43,9.68,2518373
2002-06-10,9.68,9.75,9.59,9.64,976459
2002-06-11,9.60,9.76,9.60,9.69,837956
2002-06-12,9.69,9.69,9.52,9.58,494262
2002-06-13,9.56,9.64,9.45,9.45,339439
2002-06-14,9.36,9.58,9.36,9.44,428400
2002-06-17,9.43,9.53,9.34,9.52,338300
2002-06-18,9.53,9.70,9.52,9.60,593700
2002-06-19,9.60,9.65,9.55,9.56,343200
2002-06-20,9.60,9.68,9.58,9.62,574500
2002-06-21,9.62,9.90,9.62,9.90,1652000
2002-06-24,10.89,10.89,10.29,10.87,13190000
2002-06-25,10.77,10.87,10.39,10.57,6625800
2002-06-26,10.40,10.75,10.28,10.66,2287500
2002-06-27,10.50,10.69,10.40,10.52,5229900
2002-06-28,10.45,10.65,10.29,10.33,3351000
2002-07-01,10.33,10.43,10.30,10.32,712500
2002-07-02,10.32,10.40,10.27,10.39,603600
2002-07-03,10.43,10.47,10.28,10.35,420100
2002-07-04,10.34,10.35,10.18,10.25,720600
2002-07-05,10.23,10.28,10.16,10.27,345700
2002-07-08,10.33,10.35,10.20,10.33,1015600
2002-07-09,10.40,10.44,10.35,10.38,942900
2002-07-10,10.40,10.40,10.20,10.20,955300
2002-07-11,10.20,10.30,10.18,10.25,550800
2002-07-12,10.30,10.36,10.20,10.35,449500
2002-07-15,10.42,10.42,10.32,10.35,1038500
2002-07-16,10.02,10.10,9.95,10.01,410000
2002-07-17,10.04,10.04,9.78,9.98,551800
2002-07-18,9.82,9.96,9.80,9.85,637300
2002-07-19,10.00,10.02,9.88,9.92,922600
2002-07-22,9.94,9.94,9.80,9.82,423600
2002-07-23,9.78,9.84,9.70,9.73,382300
2002-07-24,9.71,9.73,9.63,9.66,397500
2002-07-25,9.66,9.73,9.62,9.67,232000
2002-07-26,9.69,9.72,9.63,9.69,126700
2002-07-29,9.70,9.88,9.53,9.80,319218
2002-07-30,9.81,9.81,9.70,9.75,155733
2002-07-31,9.77,9.77,9.62,9.64,243700
2002-08-01,9.60,9.68,9.54,9.64,172906
2002-08-02,9.65,9.78,9.60,9.69,165001
2002-08-05,9.62,9.70,9.60,9.62,184713
2002-08-06,9.60,9.75,9.60,9.72,240342
2002-08-07,9.66,9.70,9.61,9.66,108523
2002-08-08,9.62,9.71,9.62,9.70,220102
2002-08-09,9.66,9.76,9.63,9.75,422917
2002-08-12,9.66,9.75,9.65,9.75,182046
2002-08-13,9.75,9.86,9.73,9.80,330245
2002-08-14,9.80,9.84,9.75,9.83,151799
2002-08-15,9.83,9.84,9.73,9.75,198337
2002-08-16,9.73,9.80,9.64,9.79,348285
2002-08-19,9.75,9.77,9.65,9.68,242667
2002-08-20,9.69,9.79,9.66,9.77,327604
2002-08-21,9.73,9.82,9.71,9.80,332504
2002-08-22,9.78,9.89,9.75,9.84,589492
2002-08-23,9.81,9.92,9.81,9.84,286725
2002-08-26,9.83,9.84,9.73,9.81,243039
2002-08-27,9.78,9.88,9.75,9.87,367226
2002-08-28,9.91,9.93,9.85,9.88,132203
2002-08-29,9.80,9.88,9.77,9.85,251761
2002-08-30,9.82,9.86,9.78,9.85,206384
2002-09-02,9.80,9.87,9.80,9.84,149327
2002-09-03,9.82,9.88,9.82,9.85,215933
2002-09-04,9.87,9.88,9.79,9.83,766981
2002-09-05,9.71,9.80,9.68,9.68,428300
2002-09-06,9.68,9.72,9.60,9.64,323130
2002-09-09,9.61,9.63,9.48,9.50,373700
2002-09-10,9.47,9.54,9.47,9.51,287299
2002-09-11,9.51,9.55,9.44,9.53,361093
2002-09-12,9.55,9.57,9.50,9.55,256939
2002-09-13,9.55,9.55,9.39,9.40,531062
2002-09-16,9.38,9.40,9.29,9.29,538000
2002-09-17,9.35,9.35,9.25,9.32,525185
2002-09-18,9.31,9.34,9.27,9.29,198163
2002-09-19,9.27,9.44,9.26,9.43,1454120
2002-09-20,9.45,9.45,9.31,9.31,145661
2002-09-23,9.28,9.33,9.27,9.30,116086
2002-09-24,9.30,9.33,9.29,9.30,282973
2002-09-25,9.34,9.34,9.27,9.30,286698
2002-09-26,9.28,9.34,9.25,9.25,184759
2002-09-27,9.30,9.35,9.20,9.30,249575
2002-10-08,9.25,9.28,9.13,9.23,190332
2002-10-09,9.19,9.20,9.12,9.15,313310
2002-10-10,9.12,9.18,9.10,9.11,200426
2002-10-11,9.10,9.16,9.10,9.13,204965
2002-10-14,9.13,9.32,9.02,9.30,348555
2002-10-15,9.29,9.29,9.16,9.25,106301
2002-10-16,9.28,9.39,9.20,9.36,426453
2002-10-17,9.39,9.39,9.23,9.32,498687
2002-10-18,9.45,9.45,9.24,9.32,272812
2002-10-21,9.34,9.35,9.25,9.35,306501
2002-10-22,9.38,9.40,9.32,9.34,477361
2002-10-23,9.37,9.37,9.28,9.35,157100
2002-10-24,9.35,9.35,9.20,9.24,347922
2002-10-25,9.24,9.24,8.88,8.98,767305
2002-10-28,8.90,8.92,8.72,8.73,357200
2002-10-29,8.72,8.84,8.63,8.71,344750
2002-10-30,8.80,8.80,8.65,8.79,553522
2002-10-31,8.78,8.80,8.71,8.72,349393
2002-11-01,8.70,8.76,8.69,8.76,164202
2002-11-04,8.81,8.87,8.75,8.84,281872
2002-11-05,8.88,9.04,8.81,9.04,1199403
2002-11-06,9.09,9.13,9.00,9.05,732486
2002-11-07,9.00,9.10,8.96,9.00,260889
2002-11-08,9.08,9.12,8.75,8.75,313660
2002-11-11,8.85,8.85,8.65,8.67,185891
2002-11-12,8.65,8.74,8.23,8.36,451273
2002-11-13,8.36,8.60,8.20,8.57,1251330
2002-11-14,8.52,8.55,8.31,8.36,311816
2002-11-15,8.36,8.60,8.36,8.43,239837
2002-11-18,8.48,8.48,8.36,8.38,168100
2002-11-19,8.37,8.43,8.27,8.39,206807
2002-11-20,8.30,8.35,8.21,8.21,199056
2002-11-21,8.16,8.20,7.85,7.85,525669
2002-11-22,7.85,8.04,7.77,7.96,475830
2002-11-25,7.61,8.17,7.61,8.11,423116
2002-11-26,8.12,8.12,7.87,7.92,232802
2002-11-27,7.75,7.95,7.74,7.89,193382
2002-11-28,7.89,8.12,7.89,8.11,357043
2002-11-29,8.14,8.34,8.00,8.18,923408
2002-12-02,8.18,8.18,7.98,8.08,238131
2002-12-03,7.96,8.15,7.96,8.14,159658
2002-12-04,8.05,8.25,8.05,8.19,322682
2002-12-05,8.15,8.18,8.07,8.15,150947
2002-12-06,8.25,8.25,8.10,8.15,130001
2002-12-09,8.08,8.20,8.08,8.19,144400
2002-12-10,8.19,8.27,8.15,8.18,603313
2002-12-11,8.16,8.20,8.00,8.20,322093
2002-12-12,8.20,8.31,8.20,8.25,286318
2002-12-13,8.16,8.34,8.10,8.29,212151
2002-12-16,8.29,8.40,8.17,8.36,323253
2002-12-17,8.39,8.42,8.30,8.36,390751
2002-12-18,8.40,8.40,8.27,8.27,280465
2002-12-19,8.23,8.30,8.22,8.30,106596
2002-12-20,8.28,8.39,8.26,8.38,289948
2002-12-23,8.35,8.45,8.35,8.41,303149
2002-12-24,8.40,8.40,8.27,8.38,206656
2002-12-25,8.36,8.45,8.35,8.42,345605
2002-12-26,8.39,8.39,8.21,8.25,475406
2002-12-27,8.21,8.25,8.12,8.25,293557
2002-12-30,8.20,8.22,8.02,8.10,348912
2002-12-31,8.10,8.15,7.98,8.08,337278
2003-01-02,8.00,8.06,7.85,7.89,484798
2003-01-03,7.89,7.91,7.79,7.88,318814
2003-01-06,7.81,8.03,7.81,7.99,244045
2003-01-07,8.00,8.09,8.00,8.00,345212
2003-01-08,8.00,8.18,8.00,8.15,310226
2003-01-09,8.18,8.30,8.13,8.29,467481
2003-01-10,8.26,8.43,8.21,8.30,1142353
2003-01-13,8.28,8.45,8.28,8.41,541586
2003-01-14,8.40,8.98,8.40,8.80,2328314
2003-01-15,8.70,8.85,8.50,8.62,1864430
2003-01-16,8.58,8.62,8.40,8.59,16139875
2003-01-17,8.47,8.53,8.28,8.38,5129267
2003-01-20,8.38,8.45,8.33,8.43,1661828
2003-01-21,8.45,8.46,8.22,8.22,1236500
2003-01-22,8.20,8.25,8.00,8.21,1821952
2003-01-23,8.20,8.25,8.12,8.18,1207882
2003-01-24,8.33,8.46,8.27,8.43,3555606
2003-01-27,8.45,8.54,8.43,8.50,2224742
2003-01-28,8.53,8.53,8.39,8.45,1064063
2003-01-29,8.45,8.49,8.39,8.40,951920
2003-02-10,8.44,8.44,8.30,8.34,436045
2003-02-11,8.32,8.46,8.30,8.45,476300
2003-02-12,8.45,8.80,8.45,8.62,3334029
2003-02-13,8.60,8.62,8.51,8.51,1302040
2003-02-14,8.51,8.61,8.50,8.56,803200
2003-02-17,8.57,8.68,8.48,8.52,1089631
2003-02-18,8.50,8.57,8.46,8.53,485535
2003-02-19,8.56,8.78,8.48,8.76,2584600
2003-02-20,8.80,8.84,8.65,8.67,2962811
2003-02-21,8.66,8.67,8.48,8.51,1058880
2003-02-24,8.50,8.56,8.47,8.53,346988
2003-02-25,8.57,8.73,8.57,8.71,1700800
2003-02-26,8.73,8.79,8.65,8.65,1690463
2003-02-27,8.68,8.74,8.60,8.63,1002841
2003-02-28,8.63,8.66,8.58,8.64,635247
2003-03-03,8.69,8.69,8.56,8.66,523490
2003-03-04,8.68,8.70,8.60,8.63,703543
2003-03-05,8.63,8.64,8.50,8.55,582422
2003-03-06,8.51,8.55,8.40,8.43,684000
2003-03-07,8.44,8.48,8.39,8.40,585603
2003-03-10,8.40,8.43,8.25,8.28,594110
2003-03-11,8.28,8.35,8.27,8.31,248461
2003-03-12,8.31,8.31,8.20,8.31,358618
2003-03-13,8.31,8.45,8.28,8.28,756500
2003-03-14,8.28,8.36,8.25,8.26,575638
2003-03-17,8.26,8.30,8.16,8.25,457097
2003-03-18,8.24,8.29,8.13,8.14,364163
2003-03-19,8.07,8.24,8.07,8.18,310211
2003-03-20,8.15,8.20,8.11,8.13,272035
2003-03-21,8.15,8.33,8.10,8.30,382321
2003-03-24,8.25,8.31,8.18,8.20,468130
2003-03-25,8.28,8.28,8.19,8.20,723878
2003-03-26,8.20,8.24,8.06,8.10,599087
2003-03-27,8.10,8.32,8.05,8.28,1094043
2003-03-28,8.28,8.31,8.23,8.25,994209
2003-03-31,8.22,8.35,8.22,8.32,921521
2003-04-01,8.34,8.46,8.31,8.41,2008666
2003-04-02,8.44,8.47,8.37,8.40,1433814
2003-04-03,8.41,8.43,8.34,8.35,564400
2003-04-04,8.34,8.38,8.31,8.36,636782
2003-04-07,8.34,8.46,8.25,8.25,1487190
2003-04-08,8.27,8.28,8.16,8.21,1492185
2003-04-09,8.22,8.53,8.16,8.49,3106900
2003-04-10,8.56,8.72,8.46,8.61,5094007
2003-04-11,8.61,8.97,8.60,8.82,6165195
2003-04-14,8.90,9.25,8.84,8.94,9408665
2003-04-15,9.11,9.15,8.93,9.00,6221642
2003-04-16,9.05,9.10,8.70,8.76,7427798
2003-04-17,8.80,8.89,8.64,8.82,3379799
2003-04-18,8.72,8.86,8.68,8.74,1789294
2003-04-21,8.69,8.70,8.45,8.49,2085752
2003-04-22,8.49,8.56,8.42,8.52,1426628
2003-04-23,8.52,8.52,8.28,8.31,1545707
2003-04-24,8.29,8.36,8.12,8.14,1533474
2003-04-25,8.15,8.22,8.03,8.05,1334324
2003-04-28,8.00,8.24,7.88,8.21,1557774
2003-04-29,8.25,8.25,7.99,8.00,1117400
2003-04-30,7.99,8.22,7.99,8.09,962100
2003-05-12,8.16,8.17,7.93,8.00,2000000
2003-05-13,8.00,8.02,7.45,7.46,2912813
2003-05-14,7.46,7.62,7.43,7.60,2008931
2003-05-15,7.59,7.88,7.53,7.82,3252244
2003-05-16,7.84,7.87,7.64,7.70,3640341
2003-05-19,7.82,7.87,7.73,7.83,2314391
2003-05-21,7.76,7.89,7.75,7.80,1593000
2003-05-22,7.80,7.91,7.78,7.90,1389240
2003-05-23,7.92,7.95,7.83,7.89,2047547
2003-05-26,7.93,7.94,7.80,7.84,2420600
2003-05-27,7.86,7.90,7.76,7.85,1673337
2003-05-28,7.88,7.98,7.84,7.88,1574777
2003-05-29,7.85,7.89,7.76,7.88,1381030
2003-05-30,7.90,7.98,7.84,7.97,1743440
2003-06-02,7.99,8.02,7.91,8.00,1016125
2003-06-03,8.01,8.04,7.87,7.89,1056860
2003-06-04,7.89,8.04,7.75,8.03,3022572
2003-06-05,8.10,8.38,8.09,8.14,7404167
2003-06-06,8.14,8.21,8.06,8.07,2216046
2003-06-09,8.08,8.16,8.05,8.10,1521365
2003-06-10,8.18,8.19,8.08,8.11,962321
2003-06-11,8.13,8.30,8.13,8.29,2674473
2003-06-12,8.31,8.46,8.28,8.29,3162143
2003-06-13,8.30,8.36,8.17,8.21,1732007
2003-06-16,8.21,8.24,8.13,8.24,725427
2003-06-17,8.25,8.28,8.17,8.24,579390
2003-06-18,8.19,8.23,8.08,8.11,972280
2003-06-19,8.10,8.11,7.95,8.04,1419671
2003-06-20,8.02,8.10,7.97,8.00,655500
2003-06-23,8.10,8.10,7.99,8.03,683628
2003-06-24,8.03,8.07,7.97,8.03,364406
2003-06-25,8.00,8.03,7.84,7.89,674768
2003-06-26,7.85,7.96,7.80,7.95,807947
2003-06-27,7.91,8.00,7.83,7.84,503150
2003-06-30,7.81,7.88,7.76,7.80,438037
2003-07-01,7.81,7.92,7.80,7.85,689532
2003-07-02,7.88,7.93,7.83,7.93,460726
2003-07-03,7.93,7.96,7.88,7.95,327610
2003-07-04,7.95,7.97,7.87,7.96,598856
2003-07-07,7.93,7.96,7.85,7.88,313288
2003-07-08,7.91,8.01,7.91,8.00,570086
2003-07-09,8.03,8.05,7.95,8.01,642891
2003-07-10,8.00,8.15,8.00,8.12,939500
2003-07-11,8.15,8.19,8.10,8.18,898992
2003-07-14,8.18,8.20,8.11,8.13,925920
2003-07-15,8.15,8.18,8.12,8.14,2341453
2003-07-16,7.84,7.88,7.70,7.72,1061991
2003-07-17,7.75,7.89,7.74,7.83,2004200
2003-07-18,7.89,7.92,7.74,7.76,1680100
2003-07-21,7.75,7.84,7.65,7.82,1095261
2003-07-22,7.82,7.82,7.48,7.53,3091798
2003-07-23,7.50,7.56,7.47,7.52,1019525
2003-07-24,7.52,7.52,7.31,7.32,1596443
2003-07-25,7.21,7.33,7.15,7.21,1358576
2003-07-28,7.20,7.20,7.05,7.12,822132
2003-07-29,7.10,7.17,7.06,7.13,420841
2003-07-30,7.15,7.24,7.13,7.20,732147
2003-07-31,7.21,7.21,7.14,7.16,430110
2003-08-01,7.11,7.18,7.10,7.17,410850
2003-08-04,7.17,7.24,7.12,7.23,557093
2003-08-05,7.22,7.23,7.16,7.21,426390
2003-08-06,7.21,7.26,7.16,7.25,430091
2003-08-07,7.26,7.28,7.18,7.20,283311
2003-08-08,7.20,7.21,7.16,7.17,546329
2003-08-11,7.16,7.20,7.12,7.19,369768
2003-08-12,7.19,7.22,7.17,7.19,247576
2003-08-13,7.25,7.25,7.16,7.20,430082
2003-08-14,7.19,7.29,7.19,7.25,882203
2003-08-15,7.23,7.25,7.19,7.25,503462
2003-08-18,7.20,7.21,7.12,7.17,476750
2003-08-19,7.15,7.22,7.14,7.19,359698
2003-08-20,7.19,7.21,7.16,7.18,481918
2003-08-21,7.16,7.20,7.12,7.19,718060
2003-08-25,6.99,6.99,6.76,6.88,1829264
2003-08-26,6.86,6.95,6.77,6.84,1066576
2003-08-27,6.83,6.99,6.81,6.90,941791
2003-08-28,6.90,6.90,6.84,6.86,345040
2003-08-29,6.81,6.83,6.73,6.79,667802
2003-09-01,6.78,6.92,6.76,6.91,593371
2003-09-02,6.92,6.94,6.79,6.85,509744
2003-09-03,6.84,6.90,6.78,6.86,528664
2003-09-04,6.85,6.92,6.83,6.91,675241
2003-09-05,6.91,7.00,6.83,6.98,1389892
2003-09-08,6.98,6.98,6.91,6.96,352467
2003-09-09,6.93,6.96,6.85,6.90,248994
2003-09-10,6.89,6.95,6.88,6.94,377341
2003-09-11,6.93,6.93,6.88,6.91,215498
2003-09-12,6.88,6.90,6.77,6.80,514129
2003-09-15,6.78,6.84,6.73,6.75,367061
2003-09-16,6.75,6.87,6.73,6.85,444947
2003-09-17,6.81,6.85,6.75,6.83,357400
2003-09-18,6.80,6.85,6.77,6.84,255670
2003-09-19,6.80,6.86,6.80,6.83,358110
2003-09-22,6.97,6.97,6.80,6.83,144563
2003-09-23,6.80,6.86,6.80,6.84,186350
2003-09-24,6.88,6.95,6.81,6.88,357258
2003-09-25,6.84,6.92,6.81,6.83,214800
2003-09-26,6.83,6.86,6.82,6.83,179202
2003-09-29,6.82,6.82,6.75,6.76,350221
2003-09-30,6.70,6.73,6.58,6.60,635618
2003-10-08,6.56,6.66,6.53,6.61,359935
2003-10-09,6.58,6.66,6.53,6.66,192506
2003-10-10,6.66,6.84,6.62,6.81,337717
2003-10-13,6.88,7.00,6.84,6.89,672897
2003-10-14,6.95,6.95,6.85,6.89,298720
2003-10-15,6.93,6.93,6.85,6.85,181300
2003-10-16,6.78,6.79,6.73,6.75,286706
2003-10-17,6.70,6.78,6.68,6.75,139184
2003-10-20,6.76,6.76,6.70,6.75,150153
2003-10-21,6.76,6.88,6.75,6.87,415259
2003-10-22,6.88,7.09,6.88,7.03,1208074
2003-10-23,7.03,7.12,7.01,7.07,906465
2003-10-24,7.05,7.17,6.97,7.12,685279
2003-10-27,7.05,7.11,6.98,7.06,411028
2003-10-28,7.05,7.10,6.96,7.03,517551
2003-10-29,7.02,7.08,6.85,6.97,565590
2003-10-30,6.92,7.14,6.92,7.09,1240656
2003-10-31,7.10,7.20,7.08,7.09,1062198
2003-11-03,7.06,7.18,6.92,7.17,734216
2003-11-04,7.19,7.35,7.12,7.27,1634742
2003-11-05,7.26,7.28,7.12,7.14,840788
2003-11-06,7.09,7.23,7.02,7.15,1002421
2003-11-07,7.08,7.18,6.83,6.90,1367920
2003-11-10,6.90,6.90,6.78,6.88,648272
2003-11-11,6.90,6.99,6.86,6.94,510605
2003-11-12,6.89,6.95,6.76,6.77,499741
2003-11-13,6.68,6.78,6.56,6.69,1052271
2003-11-14,6.68,6.78,6.68,6.76,400576
2003-11-17,6.76,6.80,6.70,6.80,305800
2003-11-18,6.75,6.80,6.70,6.78,247700
2003-11-19,6.70,6.87,6.70,6.83,280767
2003-11-20,6.78,7.02,6.78,7.01,791053
2003-11-21,7.03,7.05,6.90,6.90,627915
2003-11-24,6.89,7.03,6.86,7.02,561850
2003-11-25,7.08,7.16,7.00,7.04,947665
2003-11-26,7.04,7.08,7.00,7.03,546074
2003-11-27,7.05,7.12,6.95,6.98,517922
2003-11-28,6.95,7.05,6.95,7.05,438504
2003-12-01,7.03,7.17,7.03,7.14,855061
2003-12-02,7.14,7.20,7.11,7.14,1174409
2003-12-03,7.14,7.22,7.08,7.15,1000137
2003-12-04,7.11,7.31,7.11,7.26,1581228
2003-12-05,7.25,7.31,7.21,7.28,874075
2003-12-08,7.31,7.33,7.15,7.15,1047102
2003-12-09,7.14,7.25,7.13,7.25,599572
2003-12-10,7.25,7.32,7.20,7.31,1018322
2003-12-11,7.31,7.33,7.22,7.30,749235
2003-12-12,7.30,7.30,7.22,7.28,563289
2003-12-15,7.35,7.47,7.32,7.41,1914421
2003-12-16,7.41,7.50,7.20,7.48,1223829
2003-12-17,7.47,7.57,7.32,7.33,1428904
2003-12-18,7.33,7.84,7.31,7.55,3707323
2003-12-19,7.56,7.94,7.51,7.89,5905122
2003-12-22,7.89,8.15,7.82,7.94,5177013
2003-12-23,7.95,8.06,7.85,7.92,2602106
2003-12-24,7.89,8.00,7.81,8.00,2355359
2003-12-25,8.02,8.18,7.90,7.98,1946593
2003-12-26,8.00,8.05,7.85,7.98,1352422
2003-12-29,7.88,7.88,7.75,7.80,1275344
2003-12-30,7.78,7.86,7.72,7.83,1224996
2003-12-31,7.83,7.84,7.65,7.65,1308291
2004-01-02,7.65,7.81,7.65,7.73,982145
2004-01-05,7.73,7.98,7.73,7.91,1582669
2004-01-06,7.92,8.08,7.90,8.02,2364780
2004-01-07,8.02,8.15,7.95,7.96,2133599
2004-01-08,7.96,7.98,7.82,7.95,2411700
2004-01-09,7.99,8.49,7.99,8.10,5260400
2004-01-12,8.10,8.15,7.91,8.12,1932133
2004-01-13,8.13,8.13,7.97,8.06,1922397
2004-01-14,8.08,8.17,7.96,8.06,1466413
2004-01-15,8.00,8.05,7.88,7.90,1587233
2004-01-16,7.90,8.00,7.84,7.99,1137148
2004-01-29,7.97,7.99,7.88,7.95,1074996
2004-01-30,7.98,8.01,7.75,7.76,1861578
2004-02-02,7.81,8.06,7.80,8.00,2509378
2004-02-03,8.00,8.30,7.90,8.26,2912039
2004-02-04,8.27,8.35,8.18,8.29,2856258
2004-02-05,8.30,8.48,8.24,8.48,3316878
2004-02-06,8.50,8.66,8.31,8.38,3582202
2004-02-09,8.55,8.62,8.40,8.61,2639870
2004-02-10,8.63,8.65,8.40,8.44,2211870
2004-02-11,8.40,8.42,8.25,8.36,2463934
2004-02-12,8.40,8.49,8.39,8.46,1715406
2004-02-13,8.46,8.63,8.41,8.52,2084010
2004-02-16,8.60,8.81,8.58,8.75,2478733
2004-02-17,8.75,8.80,8.65,8.72,1773067
2004-02-18,8.82,9.10,8.82,9.07,4539732
2004-02-19,9.07,9.15,8.92,9.06,2559024
2004-02-20,9.35,9.35,9.02,9.19,4218372
2004-02-23,9.52,9.88,9.40,9.62,14915342
2004-02-24,9.62,9.79,9.42,9.72,5638706
2004-02-25,9.80,9.86,9.25,9.35,4954653
2004-02-26,9.28,9.47,9.22,9.38,3571496
2004-02-27,9.39,9.45,9.26,9.43,2141731
2004-03-01,9.45,9.65,9.43,9.56,2471733
2004-03-02,9.58,9.62,9.40,9.44,1444943
2004-03-03,9.43,9.55,9.31,9.48,1357741
2004-03-04,9.46,9.46,9.34,9.43,1249507
2004-03-05,9.48,9.49,9.34,9.37,1183350
2004-03-08,9.35,9.40,9.30,9.35,1454485
2004-03-09,9.35,9.39,9.31,9.31,938065
2004-03-10,9.31,9.40,9.26,9.40,942937
2004-03-11,9.40,9.77,9.36,9.58,2825853
2004-03-12,9.59,9.66,9.46,9.55,1154420
2004-03-15,9.58,9.71,9.50,9.67,2773980
2004-03-16,9.74,9.75,9.57,9.67,1320182
2004-03-17,9.68,9.93,9.59,9.87,3326483
2004-03-18,9.88,9.92,9.65,9.69,1925986
2004-03-19,9.68,9.78,9.62,9.77,1059790
2004-03-22,9.86,10.02,9.76,9.92,2218460
2004-03-23,9.92,9.92,9.70,9.85,1243070
2004-03-25,9.85,9.88,9.65,9.78,1193045
2004-03-26,9.71,9.96,9.71,9.94,1842258
2004-03-29,10.07,10.07,9.88,9.90,1295800
2004-03-30,9.88,9.88,9.65,9.80,1027648
2004-03-31,9.78,9.84,9.66,9.81,1210152
2004-04-01,9.81,9.83,9.73,9.82,862393
2004-04-02,9.84,10.04,9.81,9.90,1852272
2004-04-05,9.90,10.28,9.90,10.18,3572705
2004-04-06,10.20,10.25,10.03,10.17,1757252
2004-04-07,10.18,10.46,10.17,10.37,2986083
2004-04-08,10.40,10.80,10.39,10.68,4630256
2004-04-09,10.70,10.84,10.26,10.30,3711202
2004-04-12,10.26,10.28,9.96,10.12,2368424
2004-04-13,10.12,10.25,10.01,10.04,1297109
2004-04-14,9.98,10.08,9.80,9.87,1868486
2004-04-15,9.88,9.98,9.56,9.61,1451350
2004-04-16,9.61,9.74,9.44,9.70,1343979
2004-04-19,9.76,9.76,9.50,9.51,722003
2004-04-20,9.48,9.57,9.40,9.41,797436
2004-04-21,9.41,9.48,9.00,9.16,1030631
2004-04-22,9.16,9.18,8.91,9.16,1925990
2004-04-23,9.16,9.16,9.00,9.01,798785
2004-04-26,9.00,9.20,8.98,9.14,1710640
2004-04-27,9.18,9.19,9.00,9.15,587459
2004-04-28,9.18,9.20,9.00,9.17,731024
2004-04-29,9.00,9.15,8.56,8.66,1962895
2004-04-30,8.60,8.85,8.50,8.79,819006
2004-05-10,8.70,8.75,8.48,8.51,459390
2004-05-11,8.49,8.59,8.25,8.45,444612
2004-05-12,8.50,8.98,8.50,8.95,1363925
2004-05-13,8.95,8.98,8.83,8.91,505520
2004-05-14,8.90,9.04,8.76,8.87,778569
2004-05-17,8.85,8.86,8.71,8.81,337435
2004-05-18,8.80,9.00,8.70,8.97,822841
2004-05-19,9.18,9.19,8.81,8.84,1187273
2004-05-20,5.54,5.65,5.46,5.55,814585
2004-05-21,5.55,5.62,5.50,5.55,219858
2004-05-24,5.55,5.63,5.40,5.61,3798766
2004-05-25,5.60,5.60,5.39,5.40,1570120
2004-05-26,5.40,5.46,5.30,5.37,270900
2004-05-27,5.37,5.45,5.28,5.42,538334
2004-05-28,5.42,5.43,5.28,5.41,679988
2004-05-31,5.39,5.48,5.39,5.47,957063
2004-06-01,5.47,5.55,5.41,5.54,1105992
2004-06-02,5.40,5.52,5.40,5.47,746746
2004-06-03,5.42,5.43,5.30,5.32,680800
2004-06-04,5.30,5.32,5.16,5.30,904987
2004-06-07,5.28,5.28,5.10,5.13,517933
2004-06-08,5.13,5.18,5.00,5.03,1261900
2004-06-09,5.02,5.02,4.89,4.90,1698922
2004-06-10,4.90,4.98,4.86,4.90,1157676
2004-06-11,5.00,5.09,4.86,4.86,759000
2004-06-14,4.87,4.89,4.65,4.75,368249
2004-06-15,4.75,4.79,4.66,4.78,670320
2004-06-16,4.80,4.90,4.72,4.86,845402
2004-06-17,4.89,4.89,4.68,4.70,369151
2004-06-18,4.65,4.69,4.62,4.67,675492
2004-06-21,4.68,4.69,4.60,4.66,639930
2004-06-22,4.70,4.72,4.63,4.71,1012110
2004-06-23,4.70,4.71,4.63,4.64,338150
2004-06-24,4.65,4.67,4.50,4.53,762001
2004-06-25,4.53,4.53,4.38,4.45,660046
2004-06-28,4.40,4.40,4.04,4.36,448050
2004-06-29,4.15,4.42,4.15,4.41,1777644
2004-06-30,4.41,4.41,4.30,4.34,814500
2004-07-01,4.30,4.57,4.30,4.47,837982
2004-07-02,4.47,4.48,4.36,4.41,524347
2004-07-05,4.41,4.42,4.36,4.39,136969
2004-07-06,4.45,4.54,4.38,4.47,1040735
2004-07-07,4.47,4.48,4.38,4.39,216325
2004-07-08,4.39,4.53,4.35,4.50,1145027
2004-07-09,4.45,4.52,4.42,4.48,462696
2004-07-12,4.40,4.47,4.31,4.32,462700
2004-07-13,4.37,4.39,4.27,4.33,271300
2004-07-14,4.35,4.38,4.27,4.32,258400
2004-07-15,4.30,4.42,4.28,4.40,561111
2004-07-16,4.45,4.55,4.42,4.55,1121245
2004-07-19,4.55,4.61,4.48,4.59,3060319
2004-07-20,4.68,4.68,4.55,4.59,1127653
2004-07-21,4.58,4.62,4.52,4.60,1031390
2004-07-22,4.58,4.60,4.43,4.48,1234900
2004-07-23,4.45,4.54,4.38,4.51,1402693
2004-07-26,4.52,4.55,4.26,4.39,1444452
2004-07-27,4.33,4.38,4.20,4.28,884960
2004-07-28,4.28,4.30,4.19,4.24,1047750
2004-07-29,4.25,4.59,4.18,4.55,4656576
2004-07-30,4.99,5.00,4.38,4.44,3796060
2004-08-02,4.44,4.45,4.30,4.41,919950
2004-08-03,4.39,4.48,4.32,4.41,1095600
2004-08-04,4.40,4.50,4.30,4.48,7728317
2004-08-05,4.39,4.39,4.29,4.37,3712351
2004-08-06,4.35,4.37,4.29,4.36,1215697
2004-08-09,4.35,4.35,4.26,4.32,1292325
2004-08-10,4.30,4.37,4.30,4.36,430124
2004-08-11,4.35,4.38,4.28,4.33,587143
2004-08-12,4.34,4.34,4.20,4.28,853657
2004-08-13,4.26,4.30,4.22,4.29,403167
2004-08-16,4.27,4.29,4.21,4.23,264410
2004-08-17,4.23,4.24,4.15,4.18,1554626
2004-08-18,4.19,4.19,4.07,4.08,838450
2004-08-19,4.08,4.08,3.98,3.99,867058
2004-08-20,4.02,4.08,3.99,4.05,328377
2004-08-23,4.08,4.08,4.00,4.07,234598
2004-08-24,4.05,4.17,4.05,4.14,347535
2004-08-25,4.18,4.25,4.16,4.18,660650
2004-08-26,4.17,4.19,4.13,4.14,249435
2004-08-27,4.13,4.17,4.08,4.10,188941
2004-08-30,4.09,4.09,4.03,4.09,157325
2004-08-31,4.22,4.23,4.12,4.18,397598
2004-09-01,4.18,4.18,4.05,4.07,461510
2004-09-02,4.07,4.12,4.03,4.10,260900
2004-09-03,4.12,4.14,4.07,4.10,310100
2004-09-06,4.09,4.14,4.07,4.13,198450
2004-09-07,4.10,4.14,4.09,4.11,147339
2004-09-08,4.12,4.13,4.09,4.11,188700
2004-09-09,4.08,4.10,4.02,4.03,463555
2004-09-10,4.02,4.06,4.02,4.04,262163
2004-09-13,4.08,4.10,4.01,4.02,297875
2004-09-14,4.07,4.12,4.06,4.10,701521
2004-09-15,4.13,4.32,4.08,4.28,5731751
2004-09-16,4.32,4.45,4.28,4.45,9577884
2004-09-17,4.45,4.64,4.38,4.63,6270789
2004-09-20,4.70,4.74,4.55,4.74,4671991
2004-09-21,4.74,4.88,4.58,4.71,4005678
2004-09-22,4.73,4.76,4.47,4.57,5532493
2004-09-23,4.54,4.70,4.52,4.70,2590367
2004-09-27,4.67,4.74,4.50,4.52,2018892
2004-09-28,4.52,4.56,4.38,4.46,1626494
2004-09-29,4.45,4.55,4.40,4.49,1042019
2004-09-30,4.50,4.50,4.34,4.36,944357
2004-10-08,4.40,4.59,4.32,4.57,1346397
2004-10-11,4.57,4.72,4.50,4.64,3196688
2004-10-12,4.60,4.62,4.52,4.53,1232424
2004-10-13,4.51,4.59,4.41,4.54,1695740
2004-10-14,4.50,4.50,4.30,4.31,2111482
2004-10-15,4.28,4.30,4.15,4.19,1331306
2004-10-18,4.19,4.26,4.18,4.22,381109
2004-10-19,4.25,4.33,4.20,4.23,799200
2004-10-20,4.22,4.31,4.16,4.20,669801
2004-10-21,4.20,4.25,4.12,4.14,668101
2004-10-22,4.12,4.20,4.08,4.18,890573
2004-10-25,4.25,4.30,4.15,4.16,579375
2004-10-26,4.20,4.25,4.11,4.25,838522
2004-10-27,4.26,4.44,4.17,4.43,1197335
2004-10-28,4.42,4.45,4.25,4.32,726700
2004-10-29,4.20,4.40,4.20,4.32,863633
2004-11-01,4.30,4.30,4.15,4.17,690475
2004-11-02,4.20,4.30,4.14,4.15,636718
2004-11-03,4.20,4.23,4.13,4.22,868448
2004-11-04,4.22,4.22,4.11,4.13,594980
2004-11-05,4.13,4.13,4.04,4.07,657750
2004-11-08,4.04,4.10,4.04,4.06,310775
2004-11-09,4.06,4.10,4.05,4.06,267637
2004-11-10,4.10,4.21,4.05,4.20,753657
2004-11-11,4.22,4.30,4.16,4.19,1498710
2004-11-12,4.18,4.21,4.13,4.15,511100
2004-11-15,4.16,4.26,4.15,4.25,821643
2004-11-16,4.20,4.25,4.17,4.20,563652
2004-11-17,4.18,4.18,4.14,4.15,1226700
2004-11-18,4.14,4.23,4.13,4.21,1850541
2004-11-22,4.25,4.28,4.21,4.27,884349
2004-11-23,4.28,4.29,4.21,4.25,611336
2004-11-24,4.23,4.29,4.22,4.24,838800
2004-11-25,4.23,4.24,4.13,4.16,628450
2004-11-26,4.17,4.19,4.10,4.18,699205
2004-11-29,4.13,4.15,4.10,4.10,508893
2004-11-30,4.12,4.18,4.11,4.16,2005725
2004-12-01,4.17,4.20,4.10,4.13,565618
2004-12-02,4.13,4.13,4.06,4.10,831614
2004-12-03,4.10,4.14,4.09,4.13,573900
2004-12-06,4.13,4.15,4.09,4.14,760620
2004-12-07,4.18,4.18,4.08,4.09,868250
2004-12-08,4.11,4.14,4.08,4.08,514433
2004-12-09,4.09,4.22,4.06,4.15,1736641
2004-12-10,4.12,4.16,4.03,4.04,1244400
2004-12-13,4.00,4.05,3.95,3.97,1977246
2004-12-14,3.97,4.01,3.96,3.98,399400
2004-12-15,4.00,4.03,3.96,4.02,502522
2004-12-16,4.05,4.05,3.99,4.03,688340
2004-12-17,4.00,4.05,3.98,4.00,587434
2004-12-20,3.95,4.03,3.95,4.02,479305
2004-12-21,4.08,4.08,3.99,4.01,1036072
2004-12-22,4.03,4.08,4.00,4.08,624019
2004-12-23,4.09,4.10,3.98,3.98,394600
2004-12-24,3.96,4.02,3.95,3.99,194815
2004-12-27,4.00,4.00,3.96,3.97,307650
2004-12-28,3.98,3.98,3.89,3.91,1206457
2004-12-29,3.91,3.93,3.84,3.84,380502
2004-12-30,3.83,3.86,3.78,3.82,491730
2004-12-31,3.80,3.85,3.80,3.81,351104
2005-01-04,3.81,3.81,3.73,3.76,199845
2005-01-05,3.76,3.97,3.76,3.91,718350
2005-01-06,3.89,3.89,3.80,3.83,351270
2005-01-07,3.80,3.85,3.74,3.82,275700
2005-01-10,3.78,3.88,3.77,3.88,792199
2005-01-11,3.88,3.89,3.85,3.87,254650
2005-01-12,3.86,3.92,3.86,3.90,186901
2005-01-13,3.91,3.94,3.88,3.92,490640
2005-01-14,3.90,3.96,3.87,3.88,415000
2005-01-17,3.79,3.86,3.76,3.78,264870
2005-01-18,3.77,3.83,3.76,3.82,201615
2005-01-19,3.80,3.85,3.80,3.83,201700
2005-01-20,3.81,3.81,3.76,3.79,204600
2005-01-21,3.77,3.88,3.77,3.88,567408
2005-01-24,3.90,3.96,3.90,3.95,1033740
2005-01-25,4.00,4.00,3.92,3.96,681598
2005-01-26,3.96,4.12,3.93,4.06,2491130
2005-01-27,4.06,4.09,4.00,4.03,2050489
2005-01-28,4.09,4.11,3.97,4.00,2255640
2005-01-31,4.00,4.06,3.98,4.02,1094737
2005-02-01,4.02,4.04,3.98,4.04,1825983
2005-02-02,4.05,4.22,4.02,4.21,3101528
2005-02-03,4.19,4.22,4.09,4.11,1610428
2005-02-04,4.11,4.25,4.10,4.20,3019981
2005-02-16,4.25,4.27,4.20,4.24,1465798
2005-02-17,4.23,4.25,4.20,4.23,1054333
2005-02-18,4.23,4.25,4.14,4.16,1295020
2005-02-21,4.16,4.24,4.16,4.24,880903
2005-02-22,4.24,4.31,4.21,4.31,1986393
2005-02-23,4.28,4.31,4.23,4.28,1727756
2005-02-24,4.25,4.27,4.20,4.27,1381058
2005-02-25,4.26,4.32,4.24,4.25,1383448
2005-02-28,4.24,4.27,4.20,4.22,938550
2005-03-01,4.21,4.32,4.21,4.29,1986115
2005-03-02,4.33,4.51,4.33,4.34,5507039
2005-03-03,4.33,4.42,4.31,4.41,1921899
2005-03-04,4.40,4.41,4.35,4.37,774508
2005-03-07,4.37,4.42,4.36,4.40,750128
2005-03-08,4.42,4.49,4.38,4.48,1811391
2005-03-09,4.49,4.50,4.42,4.45,1160314
2005-03-10,4.46,4.48,4.28,4.29,2223190
2005-03-11,4.28,4.33,4.25,4.29,943923
2005-03-14,4.31,4.31,4.20,4.23,1328832
2005-03-15,4.24,4.28,4.23,4.24,731591
2005-03-16,4.25,4.29,4.15,4.17,1232210
2005-03-17,4.19,4.25,4.10,4.11,954150
2005-03-18,4.11,4.14,4.07,4.09,609130
2005-03-21,4.08,4.13,4.02,4.11,536489
2005-03-22,4.11,4.11,4.02,4.03,1060192
2005-03-23,4.03,4.13,4.03,4.06,1100700
2005-03-24,4.06,4.11,4.05,4.10,557000
2005-03-25,4.10,4.14,4.08,4.09,562450
2005-03-28,4.07,4.08,4.03,4.08,1044558
2005-03-29,4.08,4.11,4.04,4.06,369708
2005-03-30,4.04,4.04,3.87,3.89,1267600
2005-03-31,3.89,3.89,3.84,3.89,568173
2005-04-01,3.89,4.05,3.83,4.01,912638
2005-04-04,3.95,4.00,3.89,3.94,693354
2005-04-05,3.95,3.98,3.92,3.94,265093
2005-04-06,3.93,4.01,3.92,3.99,577372
2005-04-07,3.99,4.07,3.97,4.03,1643362
2005-04-08,4.03,4.18,4.01,4.17,2047580
2005-04-11,4.17,4.17,4.10,4.10,994386
2005-04-12,4.13,4.15,4.04,4.05,646414
2005-04-13,4.05,4.16,4.05,4.14,1189400
2005-04-14,4.14,4.15,4.05,4.06,591925
2005-04-15,4.02,4.02,3.90,3.92,1011274
2005-04-18,3.92,3.93,3.83,3.85,698100
2005-04-19,3.85,3.90,3.84,3.87,328005
2005-04-20,3.87,3.93,3.87,3.89,416339
2005-04-21,3.91,3.91,3.75,3.78,636798
2005-04-22,3.75,3.80,3.74,3.77,578200
2005-04-25,3.77,3.77,3.52,3.58,930891
2005-04-26,3.58,3.63,3.52,3.61,613419
2005-04-27,3.61,3.61,3.38,3.42,943758
2005-04-28,3.43,3.48,3.36,3.44,2185068
2005-04-29,3.42,3.44,3.37,3.41,683500
2005-05-09,3.41,3.41,3.20,3.22,749499
2005-05-10,3.22,3.23,3.12,3.21,463889
2005-05-11,3.23,3.23,3.15,3.16,421400
2005-05-12,3.16,3.21,3.15,3.18,307675
2005-05-13,3.19,3.21,3.15,3.21,532867
2005-05-16,3.20,3.20,3.15,3.18,318381
2005-05-17,3.19,3.25,3.18,3.24,367530
2005-05-18,3.23,3.26,3.20,3.26,459336
2005-05-19,3.28,3.28,3.20,3.24,604504
2005-05-23,3.24,3.24,3.15,3.18,342810
2005-05-24,3.17,3.25,3.15,3.23,963762
2005-05-25,3.20,3.25,3.18,3.20,591504
2005-05-26,3.18,3.25,3.18,3.21,943714
2005-05-27,3.23,3.26,3.21,3.25,772694
2005-05-30,3.26,3.29,3.20,3.28,983013
2005-05-31,3.28,3.29,3.24,3.26,381050
2005-06-01,3.26,3.26,3.18,3.18,490489
2005-06-02,3.17,3.20,3.16,3.17,263500
2005-06-03,3.17,3.21,3.15,3.19,370550
2005-06-06,3.19,3.19,3.11,3.18,703863
2005-06-07,3.21,3.29,3.20,3.21,2460938
2005-06-08,3.22,3.47,3.22,3.45,3460641
2005-06-09,3.42,3.48,3.36,3.41,2385836
2005-06-10,3.40,3.40,3.31,3.32,1571641
2005-06-13,3.35,3.42,3.32,3.42,1685342
2005-06-14,3.45,3.48,3.34,3.35,980560
2005-06-15,3.31,3.35,3.26,3.27,921405
2005-06-16,3.29,3.32,3.21,3.28,779082
2005-06-17,3.29,3.32,3.18,3.23,1468845
2005-06-20,3.22,3.31,3.17,3.30,993508
2005-06-21,3.32,3.33,3.26,3.27,935750
2005-06-22,3.25,3.29,3.23,3.29,460938
2005-06-23,3.29,3.32,3.25,3.26,1145271
2005-06-24,3.26,3.28,3.23,3.28,440850
2005-06-27,3.30,3.36,3.30,3.33,1418606
2005-06-28,3.33,3.33,3.24,3.25,733563
2005-06-29,3.25,3.27,3.21,3.22,667094
2005-06-30,3.19,3.22,3.17,3.18,720210
2005-07-01,3.16,3.16,3.03,3.04,954250
2005-07-04,3.02,3.02,2.88,2.95,1294464
2005-07-05,2.93,2.94,2.88,2.91,988968
2005-07-06,2.91,2.92,2.87,2.89,757265
2005-07-07,2.89,2.92,2.85,2.89,966325
2005-07-08,2.90,2.91,2.84,2.85,768000
2005-07-11,2.86,2.95,2.86,2.91,1423800
2005-07-12,2.91,3.01,2.89,3.00,1541552
2005-07-13,3.03,3.06,2.94,3.03,1567494
2005-07-14,3.03,3.08,3.00,3.08,1868103
2005-07-15,3.08,3.10,3.02,3.04,2593450
2005-07-18,2.70,2.70,2.58,2.60,1131180
2005-07-19,2.60,2.62,2.56,2.59,1236488
2005-07-20,2.58,2.63,2.58,2.60,571063
2005-07-21,2.60,2.60,2.52,2.53,677100
2005-07-22,2.55,2.62,2.54,2.58,1943744
2005-07-25,2.55,2.58,2.53,2.58,729134
2005-07-26,2.55,2.70,2.55,2.65,1945160
2005-07-27,2.65,2.72,2.62,2.71,1975966
2005-07-28,2.78,2.93,2.74,2.81,4699864
2005-07-29,2.79,2.87,2.78,2.84,1489023
2005-08-01,2.84,2.86,2.81,2.82,835956
2005-08-02,2.85,2.85,2.77,2.83,1380789
2005-08-03,2.84,2.95,2.83,2.90,3375721
2005-08-04,2.90,2.93,2.86,2.89,1029710
2005-08-05,2.90,2.99,2.88,2.98,1951192
2005-08-08,2.99,3.01,2.92,2.94,2039800
2005-08-09,2.93,2.95,2.87,2.95,1742684
2005-08-10,2.95,3.09,2.90,3.06,5979851
2005-08-11,3.05,3.09,2.97,3.05,6414524
2005-08-12,3.05,3.12,2.99,3.05,7589114
2005-08-15,3.04,3.21,3.03,3.19,4585628
2005-08-16,3.18,3.25,3.00,3.23,7452296
2005-08-17,3.19,3.40,3.16,3.40,4944189
2005-08-18,3.41,3.46,3.22,3.23,8544090
2005-08-19,3.18,3.25,3.16,3.23,2885894
2005-08-22,3.21,3.33,3.16,3.32,2246516
2005-08-23,3.28,3.39,3.26,3.37,3402891
2005-08-24,3.35,3.45,3.31,3.44,2861510
2005-08-25,3.43,3.51,3.37,3.41,1389473
2005-08-26,3.39,3.43,3.31,3.37,1070015
2005-08-29,3.37,3.38,3.24,3.25,1133573
2005-08-30,3.24,3.28,3.22,3.25,520103
2005-08-31,3.25,3.32,3.23,3.30,504187
2005-09-01,3.34,3.38,3.28,3.37,942500
2005-09-02,3.37,3.42,3.32,3.37,670980
2005-09-05,3.38,3.40,3.35,3.40,631474
2005-09-06,3.40,3.57,3.40,3.49,4087673
2005-09-07,3.49,3.68,3.43,3.68,2680503
2005-09-08,3.70,3.91,3.61,3.66,6047945
2005-09-09,3.62,3.70,3.57,3.70,2520536
2005-09-12,3.70,3.70,3.62,3.65,700954
2005-09-13,3.64,3.72,3.58,3.68,2474390
2005-09-14,3.69,3.71,3.65,3.69,1328229
2005-09-15,3.70,3.78,3.61,3.74,2656403
2005-09-16,3.75,3.75,3.65,3.70,1732388
2005-09-19,3.70,3.75,3.66,3.73,1470928
2005-09-20,3.73,3.73,3.62,3.65,1464309
2005-09-21,3.62,3.66,3.53,3.55,1753963
2005-09-22,3.50,3.53,3.35,3.45,1758007
2005-09-23,3.40,3.59,3.35,3.58,1731354
2005-10-14,3.22,3.44,3.22,3.24,4819626
2005-10-17,3.24,3.24,3.07,3.08,3564958
2005-10-18,3.10,3.16,3.10,3.15,1505892
2005-10-19,3.14,3.22,3.11,3.17,1428597
2005-10-20,3.16,3.17,3.04,3.10,1096000
2005-10-21,3.10,3.14,3.08,3.10,976029
2005-10-24,3.12,3.20,3.10,3.20,950737
2005-10-25,3.20,3.20,3.09,3.10,708600
2005-10-26,3.11,3.16,3.07,3.08,1119679
2005-10-27,3.08,3.11,3.02,3.08,918800
2005-10-28,3.08,3.08,2.92,2.95,1257607
2005-10-31,2.93,3.04,2.93,3.02,527531
2005-11-01,3.02,3.02,2.96,3.00,445280
2005-11-02,3.00,3.10,2.96,3.04,1244730
2005-11-03,3.04,3.05,2.98,3.00,1022128
2005-11-04,2.98,3.02,2.96,3.02,640600
2005-11-07,3.00,3.02,2.98,3.01,322551
2005-11-08,3.01,3.07,2.97,3.07,978659
2005-11-09,3.06,3.09,3.01,3.04,917839
2005-11-10,3.04,3.04,2.95,2.96,849100
2005-11-11,2.96,3.01,2.94,3.00,713272
2005-11-14,3.00,3.01,2.97,3.01,315400
2005-11-15,3.01,3.04,3.00,3.01,415759
2005-11-16,3.01,3.09,3.00,3.08,1001539
2005-11-17,3.08,3.08,3.02,3.03,782800
2005-11-18,3.03,3.23,3.03,3.17,3596909
2005-11-21,3.20,3.20,3.13,3.16,1263250
2005-11-22,3.16,3.18,3.05,3.06,1071600
2005-11-23,3.02,3.13,3.02,3.10,602731
2005-11-24,3.10,3.15,3.10,3.10,386340
2005-11-25,3.10,3.13,3.06,3.12,490640
2005-11-28,3.13,3.15,3.07,3.10,544525
2005-11-29,3.10,3.11,3.05,3.06,377500
2005-11-30,3.05,3.09,3.04,3.07,385400
2005-12-01,3.06,3.10,3.05,3.10,385105
2005-12-02,3.12,3.13,3.05,3.13,935977
2005-12-05,3.11,3.11,3.04,3.04,621500
2005-12-06,3.04,3.07,3.01,3.02,557981
2005-12-07,3.02,3.08,3.00,3.07,568305
2005-12-08,3.06,3.20,3.06,3.15,1919238
2005-12-09,3.15,3.17,3.12,3.15,1173599
2005-12-12,3.16,3.27,3.13,3.25,2688986
2005-12-13,3.25,3.35,3.22,3.33,2801088
2005-12-14,3.34,3.48,3.31,3.42,3364286
2005-12-15,3.40,3.45,3.33,3.35,1716657
2005-12-16,3.32,3.52,3.28,3.49,2594771
2005-12-19,3.45,3.52,3.42,3.50,3298763
2005-12-20,3.50,3.52,3.45,3.50,1631372
2005-12-21,3.49,3.51,3.40,3.40,1507250
2005-12-22,3.40,3.50,3.40,3.49,876200
2005-12-23,3.45,3.59,3.45,3.56,1855703
2005-12-26,3.58,3.65,3.53,3.61,2489370
2005-12-27,3.59,3.60,3.51,3.55,775326
2005-12-28,3.55,3.59,3.53,3.57,426670
2005-12-29,3.57,3.60,3.54,3.55,1122220
2005-12-30,3.55,3.60,3.52,3.58,1599730
2006-01-04,3.58,3.64,3.51,3.61,818898
2006-01-05,3.62,3.80,3.60,3.77,3691594
2006-01-09,3.80,4.08,3.80,4.07,12061443
2006-01-10,4.03,4.40,3.98,4.24,10705237
2006-01-11,4.24,4.38,4.21,4.29,8162543
2006-01-12,4.28,4.37,4.16,4.36,4236251
2006-01-13,4.25,4.53,4.25,4.47,6204205
2006-01-16,4.46,4.67,4.37,4.48,5092834
2006-01-17,4.45,4.51,4.35,4.45,5509024
2006-01-18,4.44,4.90,4.43,4.90,10185349
2006-01-19,4.90,5.33,4.90,5.10,10272045
2006-01-20,5.10,5.61,5.05,5.60,11015419
2006-01-23,5.60,5.81,5.48,5.64,9194349
2006-01-24,5.59,5.86,5.39,5.67,12478931
2006-01-25,5.59,6.15,5.51,6.00,17325948
2006-02-06,6.00,6.60,5.93,6.60,14214344
2006-02-07,6.39,6.81,6.28,6.51,11843148
2006-02-08,6.38,6.40,6.02,6.22,10492883
2006-02-09,6.25,6.33,5.95,6.09,6778480
2006-02-10,6.15,6.31,6.01,6.11,6612296
2006-02-13,5.93,5.98,5.58,5.74,7111803
2006-02-14,5.70,6.10,5.68,5.97,10068471
2006-02-15,5.92,6.13,5.83,5.90,5346272
2006-02-16,5.70,6.08,5.60,6.00,8193340
2006-02-17,5.98,5.98,5.63,5.68,5265469
2006-02-20,5.65,5.76,5.41,5.42,2621063
2006-02-21,5.60,5.60,5.24,5.55,4337000
2006-02-22,5.51,5.94,5.43,5.78,7603642
2006-02-23,5.75,5.93,5.52,5.56,5585474
2006-02-24,5.55,5.57,5.37,5.46,6202614
2006-02-27,5.46,5.46,5.30,5.34,4526255
2006-02-28,5.32,5.37,5.18,5.34,4291261
2006-03-01,5.31,5.50,5.26,5.48,5598156
2006-03-02,5.45,5.50,5.27,5.30,4485090
2006-03-03,5.25,5.44,5.21,5.34,5156268
2006-03-06,5.37,5.60,5.31,5.46,6531014
2006-03-07,5.45,5.45,4.96,5.01,5286682
2006-03-08,4.98,5.06,4.89,4.98,4787582
2006-03-09,5.10,5.10,4.84,4.88,2451526
2006-03-10,4.87,4.94,4.81,4.89,3127917
2006-03-13,4.91,5.05,4.87,5.03,4710470
2006-03-14,5.05,5.08,4.85,4.96,5932517
2006-03-15,5.00,5.43,4.96,5.37,15384464
2006-03-16,5.36,5.47,5.30,5.43,9570749
2006-03-17,5.42,5.48,5.25,5.26,8013423
2006-03-20,5.41,5.70,5.36,5.70,14703007
2006-03-21,5.70,6.25,5.68,6.24,23162960
2006-03-22,6.24,6.50,6.04,6.36,21273168
2006-03-23,6.30,6.40,6.10,6.26,12017405
2006-03-24,6.26,6.52,6.25,6.39,13943657
2006-04-24,7.03,7.03,7.03,7.03,485883
2006-04-25,7.73,7.73,7.73,7.73,883843
2006-04-26,8.50,8.50,8.41,8.50,25580376
2006-04-27,8.78,9.35,8.53,9.35,27502224
2006-04-28,9.10,9.68,8.24,9.19,20731362
2006-05-23,6.99,8.50,6.40,7.17,52631480
2006-05-24,7.60,7.89,6.50,7.22,30262288
2006-05-25,6.75,6.94,6.50,6.50,20590680
2006-05-26,6.61,6.80,6.31,6.70,14446831
2006-05-29,6.80,6.84,6.32,6.67,14662852
2006-05-30,6.65,7.32,6.51,7.26,20725528
2006-05-31,7.06,7.18,6.80,6.89,13089623
2006-06-01,6.79,7.10,6.64,6.83,10724969
2006-06-02,6.73,6.78,6.45,6.60,13276447
2006-06-05,6.60,6.96,6.52,6.88,10782339
2006-06-06,6.85,6.85,6.54,6.60,8026797
2006-06-07,6.56,6.58,5.94,5.95,16516458
2006-06-08,5.81,6.07,5.77,5.93,6325989
2006-06-09,5.88,5.89,5.34,5.34,17449958
2006-06-12,5.30,5.51,5.17,5.27,9077203
2006-06-13,5.27,5.80,5.27,5.79,20584464
2006-06-14,5.65,6.09,5.41,5.98,18068886
2006-06-15,5.98,6.09,5.85,5.93,11727530
2006-06-16,6.09,6.21,5.97,6.00,8969210
2006-06-19,5.90,6.13,5.78,5.95,11654671
2006-06-20,5.81,5.98,5.58,5.87,11895521
2006-06-21,5.81,6.09,5.66,5.92,12822883
2006-06-22,5.94,5.99,5.73,5.76,7827250
2006-06-23,5.66,5.74,5.62,5.68,6314776
2006-06-26,5.70,5.78,5.67,5.75,9679532
2006-06-27,5.80,5.85,5.71,5.80,5927641
2006-06-28,5.80,5.80,5.64,5.66,5511352
2006-06-29,5.68,5.92,5.66,5.89,9030377
2006-06-30,6.01,6.25,5.99,6.08,18878352
2006-07-03,6.18,6.69,6.08,6.69,21774112
2006-07-04,6.72,7.20,6.62,7.04,34735612
2006-07-05,7.00,7.00,6.41,6.64,14953795
2006-07-06,6.58,6.86,6.49,6.70,8775102
2006-07-07,6.84,6.93,6.74,6.79,11358386
2006-07-10,6.79,6.83,6.40,6.55,8679050
2006-07-11,6.55,6.99,6.45,6.93,12055815
2006-07-12,6.92,7.28,6.84,6.95,22265542
2006-07-13,6.95,7.09,6.40,6.40,14924190
2006-07-14,6.30,6.56,6.22,6.39,8348786
2006-07-17,6.40,6.57,6.35,6.43,4520764
2006-07-18,6.35,6.42,6.15,6.40,5635052
2006-07-19,6.35,6.35,5.96,6.01,7733961
2006-07-20,6.11,6.20,5.98,6.02,4777687
2006-07-21,5.96,6.07,5.81,6.02,5099310
2006-07-24,5.93,5.95,5.78,5.80,4308838
2006-07-25,5.90,6.09,5.82,6.09,6619922
2006-07-26,6.08,6.16,6.01,6.04,5072745
2006-07-27,6.03,6.07,5.80,5.88,6138334
2006-07-28,5.89,5.97,5.74,5.89,5651371
2006-07-31,5.88,5.88,5.50,5.53,5441756
2006-08-01,5.54,5.65,5.13,5.20,9147812
2006-08-02,5.20,5.24,4.95,5.00,11522353
2006-08-03,5.02,5.08,4.90,5.05,5227608
2006-08-04,5.03,5.08,4.91,4.91,6072598
2006-08-07,4.90,5.17,4.85,5.01,7771241
2006-08-08,4.95,5.13,4.95,5.12,4458457
2006-08-09,5.10,5.11,4.99,5.07,7267039
2006-08-10,5.07,5.22,5.05,5.20,7951670
2006-08-11,5.18,5.21,5.05,5.19,6376990
2006-08-14,5.16,5.20,4.98,5.00,4365051
2006-08-15,4.92,5.07,4.88,5.06,3193109
2006-08-16,5.08,5.57,4.98,5.57,19699786
2006-08-17,5.60,5.64,5.46,5.52,16435624
2006-08-18,5.40,5.50,5.28,5.34,7180677
2006-08-21,5.12,5.39,5.03,5.35,6933420
2006-08-22,5.34,5.59,5.28,5.48,8015193
2006-08-23,5.48,5.55,5.34,5.41,6083166
2006-08-24,5.39,5.47,5.25,5.47,4364427
2006-08-25,5.60,5.72,5.52,5.53,13660913
2006-08-28,5.54,5.78,5.54,5.68,7997565
2006-08-29,5.70,5.88,5.67,5.67,8697774
2006-08-30,5.62,5.69,5.57,5.64,4245193
2006-08-31,5.64,6.02,5.62,6.00,12216903
2006-09-01,5.99,6.18,5.85,5.97,17897672
2006-09-04,5.94,6.06,5.90,5.99,6233537
2006-09-05,5.97,6.02,5.90,5.96,5383154
2006-09-06,6.12,6.38,6.05,6.28,18772372
2006-09-07,6.33,6.49,6.26,6.34,17077398
2006-09-08,6.34,6.46,6.11,6.14,10298127
2006-09-11,6.11,6.21,5.86,6.16,10118705
2006-09-12,5.98,6.27,5.95,6.10,8610091
2006-09-13,6.10,6.15,5.88,5.89,6104779
2006-09-14,5.90,6.01,5.81,5.95,3766049
2006-09-15,5.92,6.03,5.87,5.99,5306931
2006-09-18,5.99,6.25,5.99,6.22,6951060
2006-09-19,6.23,6.28,6.12,6.17,4267817
2006-09-20,6.16,6.18,6.09,6.13,3616632
2006-09-21,6.12,6.19,6.03,6.08,3015537
2006-09-22,6.08,6.15,5.91,5.93,3462528
2006-09-25,5.86,5.89,5.61,5.74,7913987
2006-09-26,5.76,5.87,5.70,5.80,5029227
2006-09-27,5.80,5.88,5.65,5.75,4331471
2006-09-28,5.75,5.97,5.75,5.87,4611060
2006-09-29,5.87,6.21,5.87,6.06,10170429
2006-10-09,6.12,6.25,6.11,6.23,7766615
2006-10-10,6.25,6.50,6.09,6.30,10087479
2006-10-11,6.30,6.40,6.20,6.22,4939891
2006-10-12,6.28,6.39,6.10,6.25,8387050
2006-10-13,6.22,6.88,6.20,6.69,24441852
2006-10-16,6.61,6.91,6.58,6.71,14306203
2006-10-17,6.82,7.27,6.81,7.13,25102952
2006-10-18,7.10,7.52,7.04,7.35,26245744
2006-10-19,7.35,7.58,7.19,7.39,21938698
2006-10-20,7.45,7.98,7.40,7.68,26795908
2006-10-23,7.71,8.25,7.71,7.99,29578500
2006-10-24,7.99,8.12,7.72,8.02,14229649
2006-10-25,7.90,8.03,7.56,7.64,13396143
2006-10-26,7.90,8.00,7.65,7.71,9706391
2006-10-27,7.70,7.85,7.30,7.31,11901878
2006-10-30,6.99,7.33,6.98,7.28,17252572
2006-10-31,7.15,8.01,7.04,8.01,29491748
2006-11-01,7.98,8.30,7.90,8.10,19806336
2006-11-02,8.02,8.39,7.95,8.39,12743137
2006-11-03,8.47,8.58,8.20,8.25,9318545
2006-11-06,8.08,8.47,8.08,8.23,8543157
2006-11-07,8.27,8.49,8.08,8.29,9587295
2006-11-08,8.30,8.35,7.95,8.03,8495389
2006-11-09,7.99,8.13,7.75,7.99,5670989
2006-11-10,8.19,8.65,8.02,8.23,12796643
2006-11-13,7.89,8.07,7.41,7.54,13085819
2006-11-14,7.51,7.70,7.10,7.40,9327530
2006-11-15,7.40,7.65,7.25,7.62,6389456
2006-11-16,7.62,7.73,7.22,7.31,12390972
2006-11-17,7.26,7.60,7.05,7.57,21263218
2006-11-20,7.45,7.45,7.15,7.20,16102937
2006-11-21,7.22,7.43,7.20,7.35,10191586
2006-11-22,7.47,7.72,7.41,7.43,10538639
2006-11-23,7.44,7.59,7.32,7.52,6258554
2006-11-24,7.51,7.84,7.45,7.73,9645332
2006-11-27,7.77,8.42,7.77,8.18,18083710
2006-11-28,8.15,8.28,8.00,8.06,7338176
2006-11-29,7.96,8.68,7.83,8.59,13579053
2006-11-30,8.60,9.00,8.59,8.59,15266927
2006-12-01,8.58,9.17,8.58,8.98,13854969
2006-12-04,9.10,9.63,9.10,9.31,14466768
2006-12-05,9.46,9.60,9.14,9.22,9599157
2006-12-06,9.23,9.38,8.50,8.79,14613861
2006-12-07,8.73,8.98,8.62,8.90,12512352
2006-12-08,8.73,8.96,8.42,8.68,10003779
2006-12-11,8.60,9.12,8.60,9.07,6902273
2006-12-12,9.12,9.60,8.81,9.55,15840480
2006-12-13,9.60,10.20,9.40,10.06,17320692
2006-12-14,10.08,10.16,9.81,10.04,9412300
2006-12-15,10.20,10.85,10.20,10.68,15457886
2006-12-18,10.51,10.93,10.42,10.74,11148214
2006-12-19,10.90,11.00,10.30,10.57,10069859
2006-12-20,10.78,11.09,10.52,10.61,9986672
2006-12-21,10.57,10.90,10.05,10.10,11208011
2006-12-22,10.00,10.35,9.86,9.90,13879170
2006-12-25,9.94,10.29,9.94,10.14,7394210
2006-12-26,10.20,10.30,9.66,9.70,12178294
2006-12-27,9.75,9.96,9.53,9.96,10190693
2006-12-28,10.05,10.17,9.48,9.77,10413276
2006-12-29,9.72,10.75,9.72,10.66,18675024
2007-01-04,10.58,11.48,10.50,10.98,16459894
2007-01-05,10.94,11.61,10.60,11.41,11512985
2007-01-08,11.21,11.72,11.08,11.53,10466378
2007-01-09,11.58,12.60,11.41,12.51,12181052
2007-01-10,12.55,13.76,12.55,13.76,14814183
2007-01-11,13.82,14.10,13.10,13.23,9216786
2007-01-12,12.90,14.50,12.90,13.70,9321945
2007-01-15,13.70,14.20,13.00,13.85,13092198
2007-01-16,14.01,14.58,13.58,13.75,13999821
2007-01-17,13.76,13.85,12.61,13.00,12934666
2007-01-18,12.99,13.49,12.76,13.30,5829108
2007-01-19,13.30,13.89,13.22,13.43,9863549
2007-01-22,13.57,14.36,13.22,14.23,21019528
2007-01-23,14.18,14.46,13.38,14.29,17780156
2007-01-24,14.30,14.74,13.65,13.71,19962924
2007-01-25,13.70,13.71,12.70,12.96,18065992
2007-01-29,13.30,14.26,12.85,14.26,28436424
2007-01-30,14.26,14.26,13.30,13.65,19451030
2007-01-31,13.66,13.68,12.58,12.60,10936510
2007-02-01,12.59,13.00,11.80,12.15,21625470
2007-02-02,12.25,12.49,10.94,11.05,18968948
2007-02-05,11.00,11.24,10.86,11.13,9956983
2007-02-06,11.18,11.40,11.05,11.40,11579860
2007-02-07,11.57,12.00,11.57,11.75,12343221
2007-02-08,11.75,12.28,11.70,12.24,12318790
2007-02-09,12.24,12.60,12.02,12.10,9201840
2007-02-12,12.00,12.30,11.98,12.26,8932475
2007-02-13,12.36,12.86,12.28,12.70,12891667
2007-02-14,12.80,13.39,12.77,13.20,14731879
2007-02-15,13.38,14.52,13.38,14.52,33162740
2007-02-16,14.70,15.60,14.36,15.11,28046508
2007-02-26,15.51,16.16,15.28,15.97,17324196
2007-02-27,16.00,16.10,14.37,14.37,18519072
2007-02-28,13.80,15.50,13.68,15.30,20898232
2007-03-01,15.09,15.09,13.98,14.06,13519383
2007-03-02,14.00,15.00,13.78,14.99,14464220
2007-03-05,15.06,15.49,14.48,15.19,21134664
2007-03-06,15.55,15.72,15.01,15.19,23175782
2007-03-07,15.29,15.70,15.20,15.60,16429280
2007-03-08,15.62,15.65,15.25,15.50,13300491
2007-03-09,15.87,17.05,15.87,17.05,32763970
2007-03-12,17.21,17.31,16.38,16.90,16306598
2007-03-13,17.00,17.39,16.75,17.00,11225211
2007-03-14,16.69,16.69,16.17,16.21,15286714
2007-03-15,16.24,16.50,16.23,16.35,8383224
2007-03-16,16.60,16.73,15.50,15.72,14329111
2007-03-19,15.27,16.05,15.10,15.85,10286734
2007-03-20,15.88,16.45,15.85,16.22,6224248
2007-03-21,16.30,16.58,15.98,16.10,11455261
2007-03-22,16.30,16.40,16.10,16.15,9793953
2007-03-23,16.20,16.58,16.00,16.50,10525149
2007-03-26,16.68,16.98,16.51,16.80,9816518
2007-03-27,16.85,16.98,16.60,16.90,10877983
2007-03-28,16.95,18.10,16.80,17.68,20372440
2007-03-29,17.98,18.00,17.16,17.18,12437427
2007-04-02,17.45,17.49,17.00,17.24,8679051
2007-04-03,17.30,17.67,17.00,17.55,12475358
2007-04-04,17.54,17.75,17.21,17.34,10319205
2007-04-05,17.38,17.65,17.18,17.42,9213169
2007-04-06,17.30,18.50,17.21,18.21,17441924
2007-04-09,18.40,18.85,18.23,18.46,13410450
2007-04-10,18.50,20.31,18.42,20.31,20995156
2007-04-11,20.75,21.79,20.50,20.82,23433754
2007-04-12,20.93,22.47,20.48,22.05,19657156
2007-04-13,21.76,22.15,21.40,21.49,13319201
2007-04-16,21.60,22.00,21.49,21.94,10104400
2007-04-17,22.00,23.65,21.90,23.40,17664344
2007-04-18,23.70,23.89,22.76,22.90,18735274
2007-04-19,23.72,24.18,22.47,23.38,33010498
2007-04-20,23.85,25.72,23.69,25.72,20333376
2007-04-23,26.90,28.29,26.90,28.29,23517400
2007-04-24,28.29,28.29,26.88,27.28,25200200
2007-04-25,27.28,28.67,25.65,27.60,31327616
2007-04-26,16.97,16.97,16.10,16.36,26054802
2007-04-27,16.24,16.28,15.18,15.41,38851112
2007-04-30,15.17,15.88,14.19,15.76,45343048
2007-05-08,15.96,16.87,15.96,16.43,44644128
2007-05-09,16.47,16.50,15.22,15.83,32083584
2007-05-10,16.00,16.18,15.27,15.82,29927254
2007-05-11,15.48,15.80,15.18,15.41,21589268
2007-05-14,15.18,15.42,15.00,15.15,22977282
2007-05-15,15.15,15.50,14.90,14.91,28380002
2007-05-16,14.81,15.25,14.81,15.19,18835792
2007-05-17,15.40,15.80,15.21,15.65,26306104
2007-05-18,15.78,15.78,15.20,15.26,20616380
2007-05-21,14.78,15.31,14.58,15.10,22705052
2007-05-22,15.12,15.80,15.05,15.78,45692180
2007-05-23,15.79,16.50,15.74,16.22,45681388
2007-05-24,16.21,16.40,15.55,15.77,28543960
2007-05-25,15.70,16.05,15.50,15.69,21016776
2007-05-28,15.71,16.80,15.70,16.54,49613088
2007-05-29,16.57,17.50,16.55,17.34,59974088
2007-05-30,16.34,17.20,15.61,15.62,52772828
2007-05-31,15.48,16.48,14.06,15.99,39120720
2007-06-01,16.00,17.20,15.80,16.30,55408240
2007-06-04,16.31,16.50,14.67,14.67,29942014
2007-06-05,13.67,14.64,13.20,14.60,31873960
2007-06-06,14.90,15.50,14.15,15.28,33158768
2007-06-07,15.29,15.92,15.05,15.66,27891596
2007-06-08,15.68,16.90,15.49,16.40,45532576
2007-06-11,16.69,17.20,16.50,16.84,51448896
2007-06-12,17.07,18.52,16.80,18.52,78925104
2007-06-13,18.90,19.06,18.20,18.43,68177616
2007-06-14,18.38,19.70,17.75,19.00,50328384
2007-06-15,18.61,19.50,18.50,18.96,39652488
2007-06-18,19.13,20.13,19.12,19.30,38397788
2007-06-19,19.21,19.39,18.50,18.89,29492772
2007-06-20,18.50,18.80,17.60,17.91,32724758
2007-06-21,17.60,18.18,17.20,17.60,26566368
2007-06-22,17.60,18.20,15.99,16.79,27049360
2007-06-25,16.86,17.38,16.00,16.29,24078516
2007-06-26,16.59,17.92,16.50,17.92,32633556
2007-06-27,18.10,18.77,18.10,18.28,32871024
2007-06-28,18.30,18.39,16.72,16.77,24543112
2007-06-29,16.19,16.69,15.61,16.01,21567616
2007-07-02,15.90,16.37,15.09,15.98,15407085
2007-07-03,16.30,17.45,16.10,17.28,22635728
2007-07-04,17.20,17.20,16.15,16.29,14777445
2007-07-05,15.92,15.99,15.05,15.05,15795063
2007-07-06,15.06,15.90,14.92,15.78,17503142
2007-07-09,16.03,16.50,15.90,16.07,16197361
2007-07-10,16.07,16.19,15.40,15.65,13708581
2007-07-11,15.56,15.95,15.30,15.85,7973378
2007-07-12,15.87,16.15,15.80,15.89,7458099
2007-07-13,15.84,16.21,15.60,16.14,9075464
2007-07-16,16.15,16.28,15.42,15.47,6778509
2007-07-17,15.40,15.87,15.30,15.68,5711760
2007-07-18,15.45,15.54,15.00,15.20,11015255
2007-07-19,15.20,15.65,15.20,15.33,5189099
2007-07-20,15.80,16.19,15.68,15.75,13919526
2007-07-23,16.02,16.99,15.84,16.74,21199978
2007-07-24,16.98,17.44,16.73,16.74,23587382
2007-07-25,16.80,17.55,16.80,17.50,25724338
2007-07-26,17.79,18.02,17.40,17.75,22520628
2007-07-27,17.74,18.18,17.35,17.90,18977926
2007-07-30,17.91,18.58,17.90,18.23,20413436
2007-07-31,18.23,19.59,18.05,19.35,37827380
2007-08-01,19.40,19.81,17.68,17.88,36353712
2007-08-02,17.92,18.95,17.92,18.65,24052612
2007-08-03,18.60,19.50,18.60,19.02,30113996
2007-08-06,19.24,19.76,18.81,19.69,33501212
2007-08-07,19.93,21.66,19.44,20.90,77946552
2007-08-08,20.34,20.96,19.50,20.10,36897760
2007-08-09,20.08,20.90,19.80,20.22,25586302
2007-08-10,20.06,21.26,19.82,20.61,33924408
2007-08-13,20.80,21.50,20.06,20.38,33234108
2007-08-14,20.28,20.50,19.82,20.13,18199218
2007-08-15,20.20,20.47,19.06,19.75,17004258
2007-08-16,19.71,19.83,19.08,19.53,14998953
2007-08-17,19.52,20.05,19.38,19.46,13633605
2007-08-20,19.90,20.38,19.71,20.26,16312794
2007-08-21,20.58,21.30,20.32,21.13,36441048
2007-08-22,20.92,22.98,20.62,22.59,44204928
2007-08-24,23.01,24.64,22.80,23.46,42289516
2007-08-27,23.60,25.81,23.48,25.81,61715984
2007-08-28,25.90,28.39,24.90,28.39,72241688
2007-08-29,28.39,30.98,27.02,28.43,79919640
2007-08-30,27.89,28.68,25.61,26.61,44609488
2007-08-31,26.60,29.20,25.28,28.79,48397704
2007-09-03,28.84,29.86,28.10,28.33,39646564
2007-09-04,28.10,28.93,27.00,27.52,22680076
2007-09-05,27.53,29.40,27.53,28.33,26551752
2007-09-06,28.33,28.80,27.70,28.04,16367932
2007-09-07,27.86,28.49,27.05,27.70,22663496
2007-09-10,27.04,28.00,26.51,27.00,15960111
2007-09-11,26.99,28.44,25.73,26.00,16886984
2007-09-12,26.00,27.00,25.75,26.68,14708913
2007-09-13,26.73,28.40,26.58,28.19,24503114
2007-09-14,28.31,28.70,27.18,27.96,14190331
2007-09-17,27.92,28.32,27.60,28.04,16515744
2007-09-18,28.31,30.84,28.31,30.84,59120640
2007-09-19,30.00,30.82,29.08,29.41,31183854
2007-09-20,29.55,30.90,29.55,29.73,22859242
2007-09-21,29.73,31.00,28.50,30.18,24013642
2007-09-24,30.55,33.15,30.46,32.19,27600796
2007-09-25,31.80,32.99,30.50,30.80,17353660
2007-09-26,30.36,31.00,29.00,29.03,16486916
2007-09-27,29.15,29.89,28.89,29.80,11090505
2007-09-28,30.48,31.30,29.90,30.81,18589436
2007-10-08,31.82,31.95,29.78,29.84,16049477
2007-10-09,29.50,30.60,29.10,30.08,13209376
2007-10-10,30.15,32.00,30.10,30.91,28570240
2007-10-11,30.92,32.56,30.01,31.98,31954808
2007-10-12,32.80,35.18,32.28,35.18,42845328
2007-10-15,36.60,37.99,35.20,35.90,36873692
2007-10-16,36.10,37.67,34.50,36.70,20811288
2007-10-17,36.00,37.90,35.50,36.67,14178101
2007-10-18,36.68,36.98,35.00,35.80,19661628
2007-10-19,36.09,36.70,34.70,35.19,13903925
2007-10-22,34.50,34.60,32.10,32.26,15843631
2007-10-23,32.48,33.23,30.62,32.85,14846662
2007-10-24,33.28,33.28,31.88,32.11,11079874
2007-10-25,32.00,32.00,28.90,28.90,16917244
2007-10-29,29.20,30.52,29.18,30.09,11843933
2007-10-30,30.53,32.00,30.15,31.70,10701482
2007-10-31,32.50,32.62,30.89,31.43,12765750
2007-11-01,31.20,31.65,29.82,29.92,11483394
2007-11-02,29.70,29.70,27.80,28.12,13570206
2007-11-05,27.90,28.30,27.00,27.42,12435790
2007-11-06,27.42,28.50,27.42,27.80,5711361
2007-11-07,28.10,28.40,26.33,27.68,7122130
2007-11-08,27.68,27.68,24.91,24.91,12197211
2007-11-09,24.39,24.89,22.60,23.39,15236966
2007-11-12,22.67,22.67,21.05,21.74,20775648
2007-11-13,22.11,22.98,21.10,21.81,15007438
2007-11-14,22.21,23.99,21.60,23.99,20913620
2007-11-15,24.20,25.80,23.66,24.52,29591980
2007-11-16,23.80,24.95,23.30,24.46,9655196
2007-11-19,24.55,24.90,23.88,24.69,7060853
2007-11-20,24.30,25.70,23.60,25.05,10558716
2007-11-21,25.36,26.00,24.70,24.72,8383526
2007-11-22,23.80,24.29,22.60,22.95,9189845
2007-11-23,22.55,23.80,22.10,23.68,6551028
2007-11-26,24.00,24.46,22.80,22.83,6376648
2007-11-27,22.48,23.98,22.15,23.17,6841810
2007-11-28,23.33,23.70,22.30,22.47,7185713
2007-11-29,22.70,23.38,21.80,23.07,11680266
2007-11-30,23.00,23.01,21.98,22.05,9062458
2007-12-03,21.70,22.30,21.50,21.86,4313755
2007-12-04,21.81,22.31,21.62,22.00,6332755
2007-12-05,22.10,23.35,21.72,22.99,14827256
2007-12-06,23.18,23.20,22.45,22.63,7239181
2007-12-07,22.71,23.60,22.71,23.59,10436935
2007-12-10,23.22,24.88,23.00,24.60,19831432
2007-12-11,24.72,24.79,23.66,24.19,12626908
2007-12-12,23.99,24.16,23.50,23.63,6865668
2007-12-13,23.61,23.82,22.50,22.52,8840623
2007-12-14,22.25,22.94,22.00,22.83,6539090
2007-12-18,22.75,22.99,21.65,21.92,6927384
2007-12-19,22.38,23.00,22.10,22.67,7701600
2007-12-20,22.72,23.06,22.30,22.90,10422635
2007-12-21,22.66,23.88,22.61,23.45,15371332
2007-12-24,23.60,24.17,23.60,23.80,13417370
2007-12-25,23.96,24.30,23.75,23.89,9072680
2007-12-26,23.90,24.50,23.60,24.45,13330298
2007-12-27,24.59,25.41,24.59,24.86,15895182
2007-12-28,24.91,25.33,24.50,24.52,11057009
2008-01-02,24.52,24.80,23.70,24.25,12506379
2008-01-03,24.02,24.99,23.52,24.99,19235362
2008-01-04,25.15,26.93,25.13,26.57,34359104
2008-01-08,27.28,27.96,26.50,26.95,31841206
2008-01-09,27.16,27.87,27.15,27.85,17175350
2008-01-10,28.60,30.10,28.35,29.00,22466848
2008-01-11,29.10,29.50,28.23,28.27,17863048
2008-01-17,27.33,27.50,25.44,25.70,17587548
2008-01-18,25.62,27.32,25.60,26.90,12435877
2008-01-21,26.78,26.78,24.33,24.80,10414711
2008-01-22,24.10,24.10,22.32,22.45,14237307
2008-01-23,22.90,23.78,22.01,23.41,10874962
2008-01-24,23.55,23.75,22.65,23.20,9461458
2008-01-25,23.20,25.15,23.01,24.69,16055512
2008-01-28,24.68,24.68,22.85,22.96,8761414
2008-01-29,22.80,23.80,22.75,23.50,3227980
2008-01-30,24.25,24.89,23.62,24.20,7917698
2008-01-31,23.67,23.88,22.68,23.00,6933637
2008-02-01,23.00,23.27,20.70,21.40,9266277
2008-02-04,22.20,23.36,21.88,23.26,11243204
2008-02-05,23.26,24.09,22.53,23.30,8160575
2008-02-13,23.25,23.25,22.60,22.72,2939765
2008-02-14,22.92,23.35,22.80,23.26,2753410
2008-02-15,22.76,23.00,22.40,22.70,3385416
2008-02-18,23.08,23.41,22.78,23.02,4600837
2008-02-19,23.24,24.40,23.00,24.32,12087217
2008-02-20,24.50,25.50,24.00,24.07,13498018
2008-02-21,24.04,24.35,23.30,23.83,7459244
2008-02-22,23.58,24.33,23.04,23.70,6084190
2008-02-25,23.88,23.95,22.39,22.40,5126599
2008-02-26,23.00,23.49,21.05,22.00,6234902
2008-02-27,22.13,22.67,21.61,22.37,3901501
2008-02-28,22.61,22.97,22.30,22.51,4247479
2008-02-29,22.52,23.10,22.51,22.73,4023672
2008-03-03,22.55,23.04,21.51,22.86,15429341
2008-03-04,22.86,23.86,22.80,22.99,10440382
2008-03-05,22.80,22.97,22.10,22.35,5391121
2008-03-06,22.45,23.08,22.18,22.72,7050743
2008-03-07,22.55,23.20,22.36,22.78,4601587
2008-03-10,22.81,22.81,21.60,21.70,7021279
2008-03-11,21.48,21.58,20.49,21.04,6338431
2008-03-12,21.50,21.78,19.90,19.93,7203877
2008-03-13,19.79,19.79,18.00,18.29,9523672
2008-03-14,18.13,18.70,17.90,18.28,4872074
2008-03-17,18.27,18.27,16.45,16.45,7288645
2008-03-18,16.02,16.45,14.81,14.81,9471202
2008-03-19,15.20,15.77,14.60,15.28,11249946
2008-03-20,14.95,15.72,13.75,15.43,13516767
2008-03-21,15.43,16.59,14.90,16.37,12982526
2008-03-24,16.65,16.75,15.21,15.23,9679614
2008-03-25,14.90,15.59,14.61,15.46,6152795
2008-03-26,15.63,16.80,15.63,15.95,10544074
2008-03-27,15.48,15.64,14.72,14.73,8774350
2008-03-28,14.70,15.40,14.01,15.30,9950666
2008-03-31,14.79,15.10,14.35,14.46,5738110
2008-04-01,14.52,14.78,13.10,13.25,7375769
2008-04-02,13.40,13.58,12.41,12.57,7615547
2008-04-03,12.30,13.80,12.30,13.69,9273383
2008-04-07,13.60,14.86,13.35,14.79,14589731
2008-04-08,14.85,15.26,14.41,14.84,12193522
2008-04-09,14.70,15.00,13.62,13.77,8236957
2008-04-10,13.45,14.28,13.38,14.23,5206546
2008-04-11,14.40,14.60,14.20,14.41,4895115
2008-04-14,14.00,14.00,13.03,13.11,5467498
2008-04-15,13.00,13.66,12.80,13.61,4756506
2008-04-16,13.70,13.70,12.90,13.06,2998406
2008-04-17,13.06,13.40,12.41,12.59,4040194
2008-04-18,12.58,12.58,11.40,11.46,6533430
2008-04-21,12.45,12.61,10.80,11.10,6991413
2008-04-22,10.79,10.93,10.05,10.73,5442379
2008-04-23,10.59,11.80,10.38,11.80,8766926
2008-04-24,12.98,12.98,12.60,12.98,13559309
2008-04-25,13.69,14.28,13.08,13.98,24156532
2008-04-28,13.59,13.80,13.20,13.36,12260804
2008-04-29,13.33,13.85,13.21,13.50,6950589
2008-04-30,13.55,14.17,13.52,14.09,10649455
2008-05-05,14.25,15.20,14.25,15.06,12030506
2008-05-07,14.59,15.10,13.90,13.90,12382204
2008-05-08,13.70,14.38,13.30,14.38,10964840
2008-05-09,14.42,14.89,13.80,14.04,7930383
2008-05-12,13.80,14.50,13.47,14.08,6354101
2008-05-13,13.50,14.19,13.38,13.51,9650521
2008-05-14,13.48,14.86,13.42,14.86,26041386
2008-05-15,15.19,15.36,14.44,14.46,18273536
2008-05-16,14.69,14.70,14.00,14.35,6788492
2008-05-19,14.35,14.70,14.11,14.43,6423982
2008-05-20,14.43,14.59,13.42,13.50,8266144
2008-05-21,13.30,14.33,12.91,14.06,10015687
2008-05-22,13.75,13.96,13.42,13.45,5663601
2008-05-23,13.39,13.93,13.39,13.65,5798023
2008-05-26,13.72,13.75,13.03,13.10,4139745
2008-05-27,13.05,13.39,13.00,13.36,3725648
2008-05-28,13.38,13.90,13.27,13.75,4517554
2008-05-29,13.72,13.80,13.46,13.55,5043819
2008-05-30,11.38,11.39,10.29,11.05,5822809
2008-06-02,11.10,11.35,11.01,11.09,3601240
2008-06-03,11.09,11.10,10.75,10.81,4442802
2008-06-04,10.78,10.78,10.20,10.38,4575937
2008-06-05,10.38,10.56,10.20,10.33,2535348
2008-06-06,10.41,10.47,10.22,10.36,2049115
2008-06-10,9.99,9.99,9.32,9.32,5515142
2008-06-11,9.23,9.23,8.60,8.74,4887353
2008-06-12,8.74,9.15,8.60,8.92,5580974
2008-06-13,8.94,9.10,8.50,8.50,4138732
2008-06-16,8.55,8.69,8.30,8.41,3793860
2008-06-17,8.41,8.47,7.58,7.64,3950993
2008-06-18,7.60,8.40,7.25,8.40,10250945
2008-06-19,8.33,8.33,7.56,7.56,7534965
2008-06-20,7.56,8.16,7.21,7.68,6586353
2008-06-23,7.60,7.74,7.37,7.60,4111801
2008-06-24,7.50,7.83,7.50,7.73,3932036
2008-06-25,7.75,8.25,7.66,8.11,6135511
2008-06-26,8.13,8.92,7.98,8.92,15176333
2008-06-27,8.31,8.60,8.03,8.09,12725543
2008-06-30,7.98,8.31,7.80,8.10,5521769
2008-07-01,8.15,8.30,7.78,8.03,4262047
2008-07-02,8.03,8.32,7.93,8.11,5045433
2008-07-03,7.98,8.66,7.82,8.45,10754940
2008-07-04,8.30,8.45,8.10,8.20,5822451
2008-07-07,8.20,8.80,8.20,8.71,10758390
2008-07-08,8.93,9.52,8.88,9.16,20634138
2008-07-09,9.25,9.45,9.11,9.28,12872510
2008-07-10,9.20,9.35,9.01,9.01,9677910
2008-07-11,9.40,9.77,9.20,9.28,13636791
2008-07-14,9.14,9.36,9.05,9.30,6355960
2008-07-15,9.29,9.38,8.86,9.00,8021497
2008-07-16,8.73,8.86,8.10,8.25,9230475
2008-07-17,8.38,8.53,8.10,8.32,4507291
2008-07-18,8.50,9.15,8.49,8.82,15142911
2008-07-21,8.83,9.15,8.75,9.14,14359248
2008-07-22,9.23,9.46,9.16,9.16,12621698
2008-07-23,9.15,9.25,8.90,8.95,6303030
2008-07-24,8.93,9.18,8.93,9.09,6305324
2008-07-28,9.00,9.19,8.93,9.01,5926493
2008-07-29,9.01,9.02,8.59,8.70,5077411
2008-07-30,8.79,8.95,8.62,8.70,2802399
2008-07-31,8.68,8.78,8.31,8.46,4928916
2008-08-01,8.31,8.50,8.15,8.36,3907259
2008-08-04,8.35,8.45,8.17,8.24,3144774
2008-08-05,8.26,8.43,7.91,7.92,3561537
2008-08-06,7.98,8.71,7.68,8.69,11895318
2008-08-07,8.90,9.10,8.69,8.85,23602708
2008-08-08,8.76,8.76,7.97,7.97,8876559
2008-08-11,7.87,7.87,7.17,7.17,6688674
2008-08-12,6.88,7.13,6.61,6.80,5336404
2008-08-13,6.70,7.13,6.28,6.95,9182769
2008-08-14,6.70,6.92,6.61,6.68,4420828
2008-08-15,6.65,6.90,6.50,6.60,4510440
2008-08-18,6.68,6.69,5.94,5.95,5316523
2008-08-19,5.86,6.11,5.68,6.05,4083361
2008-08-20,5.96,6.58,5.85,6.55,7134235
2008-08-21,6.47,6.72,6.29,6.30,5952434
2008-08-22,6.22,6.38,5.98,6.10,2998609
2008-08-25,6.19,6.22,6.00,6.07,1995009
2008-08-26,6.02,6.45,5.92,6.06,4670864
2008-08-27,5.94,6.17,5.90,6.05,3881891
2008-08-28,6.05,6.13,5.98,6.00,1979720
2008-08-29,6.08,6.24,6.02,6.16,3394059
2008-09-01,6.10,6.11,5.95,5.98,2281124
2008-09-02,5.99,6.12,5.90,6.01,1364045
2008-09-03,6.01,6.08,5.91,5.97,1740427
2008-09-04,5.95,6.19,5.92,6.08,2347687
2008-09-05,5.85,5.98,5.79,5.80,2488080
2008-09-08,5.72,5.88,5.22,5.23,3450894
2008-09-09,5.25,5.34,5.22,5.27,2137687
2008-09-10,5.22,5.39,5.02,5.24,3062294
2008-09-11,5.23,5.24,5.00,5.01,2534481
2008-09-12,5.07,5.25,4.97,5.08,3048055
2008-09-16,5.08,5.08,4.83,4.89,3494906
2008-09-17,4.89,5.08,4.89,4.91,2978408
2008-09-18,4.83,4.95,4.48,4.83,4193076
2008-09-19,5.31,5.31,5.19,5.31,5635325
2008-09-22,5.78,5.84,5.36,5.68,11088850
2008-09-23,5.50,5.55,5.27,5.28,5314275
2008-09-24,5.11,5.21,5.03,5.21,3195211
2008-09-25,5.25,5.46,5.21,5.31,5513486
2008-09-26,5.35,5.43,5.25,5.34,4384652
2008-10-06,5.30,5.30,5.00,5.04,3069737
2008-10-07,4.81,5.00,4.70,4.91,2500379
2008-10-08,4.88,5.03,4.71,4.85,2408677
2008-10-09,4.96,5.00,4.74,4.85,2569108
2008-10-10,4.72,4.85,4.60,4.70,3470697
2008-10-13,4.65,4.72,4.40,4.71,3870866
2008-10-14,4.85,5.06,4.71,4.73,7103532
2008-10-15,4.67,4.70,4.45,4.52,3876096
2008-10-16,4.36,4.36,4.07,4.07,3730409
2008-10-17,4.10,4.17,4.01,4.09,2267502
2008-10-20,4.10,4.30,4.04,4.27,3498841
2008-10-21,4.31,4.70,4.23,4.50,13045317
2008-10-22,4.33,4.69,4.30,4.34,6653080
2008-10-23,4.24,4.24,4.10,4.20,5732171
2008-10-24,4.22,4.29,4.09,4.15,3159756
2008-10-27,4.07,4.08,3.80,3.82,3560520
2008-10-28,3.80,4.00,3.80,3.98,3178350
2008-10-29,4.08,4.12,3.88,3.88,2897237
2008-10-30,3.95,4.04,3.89,3.96,2615437
2008-10-31,3.98,3.99,3.88,3.90,1852030
2008-11-03,3.93,3.95,3.85,3.91,1241406
2008-11-04,3.93,3.93,3.81,3.82,1509900
2008-11-05,3.83,4.02,3.83,3.93,2915035
2008-11-06,3.86,3.90,3.81,3.84,1711432
2008-11-07,3.81,3.92,3.80,3.89,1677841
2008-11-10,3.98,4.28,3.97,4.26,6080612
2008-11-11,4.26,4.39,4.13,4.18,6962979
2008-11-12,4.10,4.23,4.08,4.21,3101939
2008-11-13,4.15,4.50,4.12,4.41,9834215
2008-11-14,4.47,4.85,4.41,4.85,19276920
2008-11-17,4.83,5.30,4.78,5.27,20693356
2008-11-18,5.23,5.23,4.74,4.74,13356565
2008-11-19,4.64,5.15,4.59,5.05,9502113
2008-11-20,4.90,5.29,4.75,4.96,10428743
2008-11-21,4.70,5.00,4.65,4.82,7064909
2008-11-24,4.94,5.06,4.65,4.67,5115515
2008-11-25,4.80,4.90,4.63,4.76,5472458
2008-11-26,4.70,4.84,4.61,4.71,2544793
2008-11-27,5.09,5.12,4.75,4.80,6846822
2008-11-28,4.76,4.84,4.61,4.66,3317549
2008-12-01,4.66,5.01,4.58,4.97,6466701
2008-12-02,4.88,5.18,4.80,5.04,11799541
2008-12-03,5.02,5.31,5.02,5.24,12026097
2008-12-04,5.40,5.55,5.08,5.12,16550879
2008-12-05,5.15,5.35,5.14,5.26,9156759
2008-12-08,5.33,5.68,5.27,5.62,16089343
2008-12-09,5.68,5.90,5.53,5.59,24498974
2008-12-10,5.50,5.66,5.40,5.55,12334744
2008-12-11,5.57,5.66,5.32,5.33,8008785
2008-12-12,5.33,5.36,5.00,5.02,8782204
2008-12-15,5.10,5.18,4.96,5.08,4230952
2008-12-16,5.08,5.15,4.88,5.13,3994284
2008-12-17,5.18,5.28,5.10,5.17,5523545
2008-12-18,5.17,5.38,5.07,5.34,7593640
2008-12-19,5.34,5.50,5.29,5.44,9340627
2008-12-22,5.48,5.54,5.25,5.49,10378056
2008-12-23,5.48,5.58,5.31,5.34,23678688
2008-12-24,5.11,5.46,4.97,5.33,14017252
2008-12-25,5.27,5.46,5.10,5.35,16882244
2008-12-26,5.36,5.45,5.08,5.12,12326280
2008-12-30,5.14,5.30,4.73,4.77,12314500
2008-12-31,4.82,4.90,4.48,4.50,9225100
2009-01-05,4.65,4.82,4.58,4.73,7430600
2009-01-06,4.70,4.92,4.66,4.88,6684100
2009-01-07,4.89,5.05,4.86,4.88,6936100
2009-01-08,4.77,4.93,4.72,4.83,5511000
2009-01-09,4.83,5.03,4.78,4.97,7159500
2009-01-12,4.95,5.27,4.93,5.08,12476200
2009-01-13,4.95,5.03,4.81,4.83,5521200
2009-01-14,4.82,4.99,4.82,4.99,4869900
2009-01-15,4.93,5.09,4.88,4.99,7181200
2009-01-16,4.99,5.25,4.99,5.18,13696300
2009-01-19,5.20,5.29,5.10,5.20,9866900
2009-01-20,5.23,5.38,5.18,5.29,13883200
2009-01-21,5.21,5.34,5.16,5.27,10689700
2009-01-22,5.29,5.49,5.25,5.43,13275200
2009-01-23,5.41,5.43,5.22,5.29,11213600
2009-02-02,5.40,5.48,5.32,5.48,10177600
2009-02-03,5.55,6.03,5.55,5.88,32264700
2009-02-04,5.86,6.00,5.75,5.97,23292400
2009-02-05,6.05,6.13,5.80,5.84,27113900
2009-02-06,5.86,6.30,5.86,6.19,24689400
2009-02-09,6.31,6.76,6.31,6.68,29782400
2009-02-10,6.72,6.95,6.40,6.92,28139900
2009-02-11,6.78,7.25,6.67,6.78,35636300
2009-02-12,6.75,6.90,6.30,6.58,23195300
2009-02-13,6.60,7.15,6.60,6.89,24644900
2009-02-16,6.95,6.98,6.72,6.91,21456400
2009-02-17,6.91,7.25,6.66,6.88,26085600
2009-02-19,6.61,7.28,6.61,7.15,31057800
2009-02-20,7.08,7.40,6.85,7.33,35258300
2009-02-23,7.23,7.67,7.09,7.55,30164000
2009-02-24,7.45,7.69,7.07,7.08,25299400
2009-02-25,7.23,7.36,6.74,7.10,15860200
2009-02-26,7.18,7.31,6.39,6.51,16872100
2009-02-27,6.50,6.50,5.86,5.86,18425300
2009-03-02,5.71,5.91,5.60,5.83,12006700
2009-03-03,5.68,5.82,5.50,5.68,9083400
2009-03-04,5.74,6.22,5.74,6.22,15087400
2009-03-05,6.34,6.54,6.07,6.33,18189200
2009-03-06,6.10,6.31,6.10,6.17,10846700
2009-03-09,6.30,6.34,5.80,5.86,9335600
2009-03-10,5.74,6.06,5.70,6.04,6989200
2009-03-11,6.17,6.22,6.00,6.03,8345100
2009-03-12,6.04,6.09,5.83,6.09,6833000
2009-03-13,6.11,6.13,5.95,5.97,6442600
2009-03-16,5.95,6.12,5.85,6.08,5552600
2009-03-17,6.09,6.52,6.06,6.48,18618000
2009-03-18,6.49,6.81,6.49,6.54,19797800
2009-03-19,6.66,7.00,6.50,6.94,23159900
2009-03-20,7.15,7.63,7.13,7.63,75948896
2009-03-23,7.62,8.34,7.30,8.00,53142500
2009-03-24,7.90,8.00,7.65,7.78,30572800
2009-03-25,7.68,8.10,7.43,7.58,27197900
2009-03-26,7.59,8.05,7.30,8.00,34023000
2009-03-27,8.03,8.29,7.82,7.90,36518700
2009-03-30,7.80,7.85,7.55,7.68,21822200
2009-03-31,7.44,7.74,7.35,7.50,15854700
2009-04-01,7.65,8.01,7.54,7.70,29272600
2009-04-02,7.80,7.98,7.61,7.72,20503000
2009-04-03,7.81,7.84,7.44,7.47,21079700
2009-04-07,7.55,7.71,7.46,7.64,13423000
2009-04-08,7.58,7.59,7.25,7.25,16453900
2009-04-09,7.19,7.33,7.06,7.30,14957300
2009-04-10,7.40,7.79,7.33,7.68,23868100
2009-04-13,7.71,8.10,7.63,7.94,41051500
2009-04-14,7.88,7.89,7.71,7.78,18265400
2009-04-15,7.71,7.94,7.60,7.77,21948800
2009-04-16,7.81,7.89,7.65,7.75,26430500
2009-04-17,7.75,7.75,7.40,7.45,17695200
2009-04-20,7.43,7.60,7.36,7.57,18141100
2009-04-21,7.41,7.50,7.25,7.42,13429900
2009-04-22,7.42,7.62,7.08,7.11,22928800
2009-04-23,7.12,7.35,6.93,7.29,15013300
2009-04-24,7.29,7.50,7.13,7.20,8937600
2009-04-27,7.10,7.18,6.86,7.08,9099600
2009-04-28,6.99,7.18,6.95,7.12,11368700
2009-04-30,7.40,7.46,7.21,7.35,21163100
2009-05-04,7.41,7.68,7.40,7.58,23506800
2009-05-05,7.65,7.66,7.49,7.55,17200700
2009-05-06,7.54,7.91,7.45,7.79,23605300
2009-05-07,7.83,8.09,7.63,7.75,29151900
2009-05-08,7.70,7.71,7.50,7.60,14777200
2009-05-11,7.66,7.88,7.49,7.52,22544000
2009-05-12,7.44,7.54,7.30,7.52,11320600
2009-05-13,7.54,7.74,7.51,7.62,15123700
2009-05-14,7.54,7.60,7.35,7.44,11535800
2009-05-15,7.49,7.58,7.32,7.43,9409400
2009-05-18,7.42,7.47,7.28,7.44,7777600
2009-05-19,7.51,8.18,7.43,8.18,61553300
2009-05-20,8.18,8.47,7.92,8.06,67543000
2009-05-21,7.90,8.20,7.81,7.94,31062700
2009-05-22,7.86,7.93,7.60,7.66,20145022
2009-05-25,7.49,7.85,7.35,7.77,16867222
2009-05-26,7.74,7.78,7.40,7.44,16762916
2009-05-27,7.49,7.59,7.41,7.50,8420494
2009-06-01,7.66,7.85,7.55,7.71,16400390
2009-06-02,7.83,7.99,7.70,7.76,18169236
2009-06-03,7.73,8.00,7.72,7.96,22033512
2009-06-04,7.88,8.65,7.80,8.37,50254704
2009-06-05,8.60,8.98,8.25,8.27,58951720
2009-06-08,8.22,9.05,8.10,9.02,52775892
2009-06-09,8.90,9.40,8.67,9.08,72412136
2009-06-10,9.22,9.36,8.86,9.25,39594764
2009-06-11,9.05,9.42,8.99,9.11,43818528
2009-06-12,9.16,9.32,8.80,9.03,31381712
2009-06-15,8.88,8.97,8.70,8.85,15083903
2009-06-16,8.60,8.93,8.51,8.88,19867944
2009-06-17,8.80,9.25,8.58,9.19,25140328
2009-06-18,9.10,9.46,9.06,9.20,20269276
2009-06-19,9.20,9.25,8.95,9.00,13051655
2009-06-22,8.96,9.06,8.76,8.80,12916539
2009-06-23,8.58,8.70,8.40,8.50,35742456
2009-06-24,8.54,8.88,8.52,8.77,20652192
2009-06-25,8.82,8.99,8.60,8.62,13861801
2009-06-26,8.63,8.63,8.28,8.42,18964068
2009-06-29,8.37,8.60,8.32,8.53,12612709
2009-06-30,8.53,8.70,8.38,8.54,16134488
2009-07-01,8.53,8.68,8.40,8.60,16497140
2009-07-02,8.68,9.00,8.65,8.89,31338504
2009-07-03,8.79,8.82,8.57,8.72,19098720
2009-07-06,8.72,9.21,8.56,9.00,31945432
2009-07-07,8.94,9.14,8.82,9.05,26282470
2009-07-09,9.11,9.25,8.91,9.16,22126500
2009-07-10,9.21,9.73,9.20,9.49,40411000
2009-07-13,9.78,9.78,9.21,9.30,22172364
2009-07-14,9.33,9.50,9.24,9.43,20646208
2009-07-15,9.43,10.35,9.40,10.22,52200572
2009-07-16,10.27,11.24,10.27,10.85,58472556
2009-07-17,10.95,11.94,10.80,11.94,52591580
2009-07-20,12.69,13.13,12.50,13.13,44985588
2009-07-21,13.43,13.60,12.70,12.77,50621696
2009-07-22,12.55,13.30,12.55,12.76,34403856
2009-07-23,12.82,13.51,12.82,13.06,33474052
2009-07-24,13.21,14.37,12.66,14.37,53155240
2009-07-27,14.00,15.80,13.90,15.59,59465264
2009-07-28,15.60,16.19,15.00,15.52,44078108
2009-07-29,15.48,15.48,13.97,14.15,38861348
2009-07-30,14.15,15.13,13.32,15.10,55778252
2009-07-31,15.56,16.61,15.11,16.61,79293440
2009-08-03,16.67,17.93,16.11,17.00,57380428
2009-08-04,17.15,17.79,16.51,17.19,44728444
2009-08-05,17.00,17.95,16.30,17.56,43174440
2009-08-06,17.00,17.34,16.30,16.32,36893224
2009-08-07,15.88,16.22,14.69,14.80,40246348
2009-08-10,15.07,16.10,14.95,16.06,33988664
2009-08-11,15.93,15.93,15.00,15.28,20630942
2009-08-12,15.20,15.20,13.75,13.75,34963216
2009-08-13,13.98,14.55,13.80,14.49,30918864
2009-08-14,14.55,15.33,14.20,14.55,38620256
2009-08-18,13.15,14.98,13.10,14.60,44803160
2009-08-19,14.27,14.49,13.14,13.22,33149728
2009-08-20,13.15,13.99,12.70,13.75,40451952
2009-08-21,13.40,14.00,13.02,13.61,33769984
2009-08-24,13.98,14.25,13.70,14.00,31906836
2009-08-25,13.69,13.69,12.61,13.10,28170798
2009-08-26,13.00,13.58,12.70,13.03,18667736
2009-08-27,12.88,13.25,12.72,12.85,17414544
2009-08-28,13.01,13.30,12.80,12.88,22496692
2009-08-31,12.40,12.40,11.59,11.59,23130156
2009-09-01,11.09,11.45,10.50,10.60,25802492
2009-09-02,10.49,10.92,10.36,10.70,18580066
2009-09-03,10.80,11.77,10.79,11.77,33677000
2009-09-04,11.80,12.44,11.60,11.91,42082968
2009-09-07,11.93,12.39,11.78,12.07,27979388
2009-09-08,11.88,12.66,11.60,12.56,33306424
2009-09-09,12.75,13.25,12.65,13.10,40825836
2009-09-10,12.78,13.85,12.60,13.25,36719656
2009-09-11,13.04,13.55,12.90,13.16,26205136
2009-09-15,13.51,14.30,13.20,13.80,42198032
2009-09-16,13.82,14.05,13.24,13.60,34988536
2009-09-17,13.89,14.32,13.71,13.78,30672396
2009-09-18,13.70,13.77,12.60,13.11,27276880
2009-09-21,12.85,13.09,12.10,13.00,18643712
2009-09-22,12.91,13.07,12.40,12.46,13301522
2009-09-23,12.40,12.75,11.63,11.83,15913970
2009-09-24,11.63,12.10,11.10,11.79,18232248
2009-09-25,11.40,11.70,11.29,11.39,9869772
2009-09-28,11.39,11.76,10.87,10.95,9822731
2009-09-29,11.10,11.19,10.53,10.98,9914348
2009-09-30,11.14,11.70,11.01,11.36,12509660
2009-10-09,12.10,12.50,11.90,12.50,19823680
2009-10-12,12.77,12.78,12.18,12.27,15290035
2009-10-13,12.48,12.59,12.28,12.55,12523694
2009-10-14,12.53,13.27,12.43,12.87,22053476
2009-10-15,12.87,13.10,12.62,12.71,14748319
2009-10-16,12.71,12.84,12.25,12.53,12387843
2009-10-19,12.50,13.31,12.41,13.14,24088130
2009-10-20,13.32,13.57,13.04,13.19,21790556
2009-10-21,13.00,13.48,12.90,13.24,21446902
2009-10-22,13.41,13.58,13.15,13.18,16629591
2009-10-23,13.20,13.89,13.10,13.82,44747116
2009-10-26,13.83,14.25,13.65,14.11,31525664
2009-10-27,13.88,14.09,13.52,13.60,30034800
2009-10-28,13.60,14.00,13.34,13.80,24089314
2009-10-29,13.28,13.28,12.42,12.72,44628192
2009-10-30,13.01,13.15,12.59,12.63,25322684
2009-11-02,12.19,13.00,11.81,12.88,20125336
2009-11-03,12.90,13.25,12.90,13.07,16401417
2009-11-04,13.17,14.00,13.00,13.60,34006272
2009-11-05,13.60,13.65,13.32,13.51,17697472
2009-11-06,13.59,13.85,13.50,13.61,20060948
2009-11-09,13.63,13.80,13.60,13.80,18053170
2009-11-10,14.00,14.09,13.61,13.62,18046972
2009-11-12,13.78,13.83,13.39,13.48,14409355
2009-11-13,13.41,13.80,13.25,13.80,20415996
2009-11-16,13.92,14.50,13.90,14.26,30477454
2009-11-17,14.48,14.58,14.09,14.12,21592484
2009-11-18,14.15,14.25,13.88,14.03,19149096
2009-11-19,14.18,14.18,13.90,14.12,15995086
2009-11-20,13.99,14.09,13.75,13.95,20593430
2009-11-23,13.96,14.45,13.92,14.38,25198124
2009-11-24,14.40,14.65,13.60,13.76,37823624
2009-11-25,13.69,14.10,13.50,14.05,19174886
2009-11-26,14.20,14.45,13.51,13.55,25708808
2009-11-27,13.30,13.35,12.80,12.83,19742872
2009-11-30,12.87,13.20,12.87,13.20,15751845
2009-12-01,13.21,13.32,12.98,13.26,22700054
2009-12-02,13.41,14.35,13.25,14.29,43797996
2009-12-03,14.23,14.60,14.02,14.38,48051904
2009-12-04,14.28,14.66,13.81,14.60,48524376
2009-12-07,14.62,14.95,14.41,14.80,38867376
2009-12-08,14.88,15.72,14.48,15.25,54370472
2009-12-09,14.85,15.00,14.50,14.62,37454424
2009-12-10,14.72,15.00,14.53,14.94,24328128
2009-12-11,15.05,15.55,15.05,15.24,40630148
2009-12-14,15.45,15.99,15.03,15.86,49372416
2009-12-15,15.66,15.98,15.30,15.40,33922112
2009-12-16,15.25,15.28,14.80,14.85,25629952
2009-12-17,14.99,15.10,14.30,14.35,19337940
2009-12-18,14.08,14.15,12.93,13.00,36583144
2009-12-21,13.06,13.25,12.85,13.20,26624252
2009-12-22,13.30,13.30,12.35,12.43,31146612
2009-12-23,12.49,12.70,12.13,12.51,20922516
2009-12-24,12.59,13.45,12.47,13.35,27120378
2009-12-25,13.35,13.44,13.07,13.18,15566756
2009-12-28,13.25,13.82,13.23,13.55,15823068
2009-12-29,13.62,13.67,13.23,13.58,13104734
2009-12-30,13.58,13.70,13.25,13.50,15446113
2009-12-31,13.60,13.63,13.41,13.59,10086393
2010-01-04,13.77,13.79,13.45,13.61,15098632
2010-01-05,13.73,14.38,13.60,14.19,28384892
2010-01-06,14.21,15.24,14.12,14.55,36199512
2010-01-07,14.95,15.95,14.60,14.89,52018280
2010-01-08,14.52,14.88,14.22,14.66,21813138
2010-01-11,14.77,15.20,14.60,14.80,23069992
2010-01-12,14.81,15.09,14.35,14.93,19948404
2010-01-13,14.32,14.53,13.57,13.67,40603168
2010-01-14,13.77,13.90,13.45,13.84,15666149
2010-01-15,13.85,13.95,13.61,13.86,12286223
2010-01-18,13.75,14.05,13.55,14.02,13189616
2010-01-19,14.02,14.50,14.00,14.23,17919000
2010-01-20,14.24,14.30,13.50,13.60,17519268
2010-01-21,13.65,13.72,13.02,13.30,22566590
2010-01-22,12.99,12.99,12.50,12.81,22519480
2010-01-25,12.80,13.05,12.61,12.87,7082530
2010-01-26,12.87,13.07,12.30,12.49,8695600
2010-01-27,12.45,12.54,12.12,12.25,6534037
2010-01-28,12.00,12.22,11.90,12.06,10287318
2010-01-29,12.00,12.23,11.82,11.93,8997630
2010-02-01,11.90,11.92,11.21,11.36,9737524
2010-02-02,11.54,11.95,11.54,11.60,9857302
2010-02-03,11.72,12.25,11.46,12.22,10370995
2010-02-04,12.00,12.21,11.85,12.05,8596323
2010-02-05,11.70,11.75,11.52,11.73,8246290
2010-02-08,11.70,11.85,11.59,11.70,5221648
2010-02-09,11.70,11.99,11.65,11.96,5104171
2010-02-10,12.15,12.26,11.91,12.08,5002120
2010-02-11,12.09,12.33,12.00,12.15,5220288
2010-02-12,12.32,12.38,12.21,12.28,4573530
2010-02-22,12.30,12.45,12.20,12.25,6011590
2010-02-23,12.15,12.16,11.78,12.04,5636116
2010-02-24,11.85,12.26,11.75,12.20,5017009
2010-02-25,12.26,12.48,12.18,12.43,8701125
2010-02-26,12.32,12.40,12.16,12.18,6806318
2010-03-01,12.45,12.54,12.35,12.43,11684964
2010-03-02,12.43,12.43,12.09,12.11,10393245
2010-03-03,12.16,12.30,12.11,12.25,6252007
2010-03-04,12.28,12.60,12.10,12.28,14554127
2010-03-05,12.20,12.39,12.10,12.24,7182398
2010-03-08,12.30,12.36,12.16,12.33,6867158
2010-03-09,12.29,12.50,12.11,12.43,10029434
2010-03-10,12.40,12.67,12.31,12.56,13207447
2010-03-11,12.54,12.64,12.26,12.31,8451857
2010-03-12,12.38,12.41,12.02,12.03,8292291
2010-03-15,12.06,12.08,11.50,11.72,6190832
2010-03-16,11.73,11.90,11.70,11.87,5144035
2010-03-17,11.96,12.21,11.91,12.16,5414859
2010-03-18,12.21,12.25,12.01,12.10,6337878
2010-03-19,12.07,13.27,12.02,12.70,25599176
2010-03-22,12.50,12.55,12.30,12.43,11254566
2010-03-23,12.42,12.54,12.26,12.29,8831351
2010-03-24,12.33,12.43,12.24,12.26,5719552
2010-03-25,12.19,12.19,11.93,11.96,7704589
2010-03-26,11.95,12.18,11.90,12.12,4103004
2010-03-29,12.19,12.47,12.16,12.30,10654844
2010-03-30,12.40,12.50,12.30,12.39,8374494
2010-03-31,12.37,12.47,12.10,12.22,9321660
2010-04-01,12.20,12.42,12.18,12.35,11056410
2010-04-02,12.51,12.68,12.42,12.53,16465983
2010-04-06,12.61,12.85,12.58,12.68,15096166
2010-04-07,12.68,12.95,12.50,12.75,11796997
2010-04-08,12.67,12.80,12.38,12.46,10326499
2010-04-09,12.45,12.60,12.34,12.55,7896319
2010-04-13,12.58,12.70,12.30,12.68,15123062
2010-04-14,12.70,13.10,12.66,13.01,24529880
2010-04-15,13.03,13.10,12.81,12.90,13458205
2010-04-16,12.80,12.95,12.64,12.67,8175190
2010-04-19,12.50,12.50,11.85,11.85,14483905
2010-04-20,11.85,12.08,11.65,12.00,7300461
2010-04-21,12.07,12.22,11.82,12.18,8448506
2010-04-22,12.12,12.31,11.82,11.97,10283087
2010-04-23,11.80,12.12,11.80,11.88,7435602
2010-04-26,11.92,12.07,11.70,11.76,6971259
2010-04-27,11.75,11.75,11.02,11.26,11722626
2010-04-28,11.08,11.11,10.72,10.87,10473246
2010-04-29,10.90,11.11,10.71,10.72,7659024
2010-04-30,10.87,10.87,10.50,10.75,5813149
2010-05-04,10.50,10.79,10.42,10.69,3789230
2010-05-05,10.50,10.59,9.90,10.49,9995253
2010-05-06,10.28,10.35,9.89,9.90,9043893
2010-05-07,9.60,9.66,9.23,9.35,7730778
2010-05-10,9.35,9.78,9.32,9.68,8416672
2010-05-11,9.94,10.03,9.62,9.66,8670672
2010-05-12,9.63,9.72,9.30,9.58,4666333
2010-05-13,9.65,9.88,9.50,9.87,5698882
2010-05-14,9.76,9.82,9.62,9.73,4341685
2010-05-17,9.50,9.51,8.90,8.92,6349513
2010-05-18,8.88,9.16,8.56,9.09,5983204
2010-05-19,8.98,9.25,8.82,9.01,5042453
2010-05-20,9.01,9.16,8.88,8.90,4148937
2010-05-21,8.60,9.05,8.50,9.04,5269326
2010-05-24,9.15,9.80,9.10,9.66,9224897
2010-05-25,9.50,9.76,9.37,9.51,7590657
2010-05-26,9.44,9.61,9.42,9.51,4127836
2010-05-27,9.52,9.94,9.30,9.89,11256610
2010-05-28,9.98,10.09,9.65,9.72,9490884
2010-05-31,9.50,9.67,9.16,9.16,7217680
2010-06-01,9.10,9.26,8.90,9.13,6319558
2010-06-02,9.06,9.24,8.90,9.20,4319464
2010-06-03,9.22,9.34,9.10,9.10,4978376
2010-06-04,9.00,9.12,8.94,9.11,3473971
2010-06-07,8.86,8.90,8.72,8.81,5231414
2010-06-08,8.78,8.93,8.76,8.85,3782290
2010-06-09,8.91,9.12,8.80,9.09,5055680
2010-06-10,9.06,9.17,8.98,9.03,4256378
2010-06-11,9.08,9.25,9.03,9.11,5000695
2010-06-17,9.16,9.27,9.06,9.06,3704770
2010-06-18,9.02,9.08,8.70,8.74,3837645
2010-06-21,8.74,9.07,8.70,9.05,4039731
2010-06-22,9.03,9.16,9.01,9.06,3113344
2010-06-23,9.00,9.08,8.88,8.92,3355439
2010-06-24,8.92,9.00,8.86,8.93,2004937
2010-06-25,8.85,8.95,8.72,8.81,2121582
2010-06-28,8.82,8.88,8.66,8.68,2213721
2010-06-29,8.74,8.76,8.16,8.16,4551310
2010-06-30,8.02,8.10,7.80,7.83,3230179
2010-07-01,7.83,7.93,7.60,7.60,2998731
2010-07-02,7.59,7.66,7.20,7.55,3629815
2010-07-05,7.45,7.49,7.25,7.35,2886351
2010-07-06,7.35,7.63,7.31,7.55,4197531
2010-07-07,7.57,7.65,7.51,7.64,3303088
2010-07-08,7.70,7.98,7.70,7.79,5668474
2010-07-09,7.80,8.08,7.64,7.99,6027918
2010-07-12,7.91,8.16,7.87,8.01,4976927
2010-07-13,7.94,7.94,7.72,7.76,3824417
2010-07-14,7.83,8.19,7.83,7.95,5800493
2010-07-15,7.89,8.04,7.75,7.76,3806177
2010-07-16,7.74,7.83,7.62,7.78,3111025
2010-07-19,7.70,8.08,7.66,8.02,6020880
2010-07-20,8.00,8.44,7.99,8.33,9328390
2010-07-21,8.35,8.41,8.18,8.20,8371490
2010-07-22,8.15,8.49,8.15,8.45,9360067
2010-07-23,8.55,8.63,8.35,8.48,9406811
2010-07-26,8.50,8.87,8.45,8.74,10665366
2010-07-27,8.68,8.74,8.52,8.57,7106926
2010-07-28,8.56,8.78,8.48,8.75,8132069
2010-07-29,8.81,9.45,8.80,9.32,20593312
2010-07-30,9.40,9.76,9.15,9.24,18667122
2010-08-02,9.24,9.40,9.11,9.37,11599522
2010-08-03,9.44,9.54,9.13,9.14,8649944
2010-08-04,9.08,9.17,8.80,9.12,8746610
2010-08-05,9.09,9.17,8.88,8.90,6989007
2010-08-06,8.90,9.32,8.85,9.30,11530070
2010-08-09,9.30,9.53,9.24,9.45,9423519
2010-08-10,9.45,9.48,9.05,9.05,7816844
2010-08-11,9.00,9.15,8.93,9.04,7491590
2010-08-12,8.93,9.05,8.76,8.79,5677041
2010-08-13,8.80,9.07,8.80,9.03,5667212
2010-08-16,8.99,9.27,8.92,9.20,7167175
2010-08-17,9.19,9.31,9.10,9.29,7574777
2010-08-18,9.31,9.59,9.21,9.45,16348039
2010-08-19,9.37,9.75,9.22,9.59,20426116
2010-08-20,9.47,9.57,9.20,9.23,9457232
2010-08-23,9.21,9.34,9.08,9.12,5481891
2010-08-24,9.13,9.30,8.98,9.16,6325422
2010-08-25,9.20,9.20,8.91,8.93,6053429
2010-08-26,9.00,9.09,8.94,8.97,3087732
2010-08-27,8.98,9.15,8.90,9.05,4150252
2010-08-30,9.15,9.38,9.13,9.31,7357947
2010-08-31,9.20,9.30,9.16,9.23,5910001
2010-09-01,9.21,9.38,9.02,9.10,8707982
2010-09-02,9.22,9.38,9.16,9.36,11685887
2010-09-03,9.38,9.40,9.06,9.23,9029183
2010-09-06,9.26,9.58,9.24,9.50,16899074
2010-09-07,9.60,10.40,9.55,10.24,35648716
2010-09-08,10.12,10.48,9.92,10.33,24110580
2010-09-09,10.37,10.37,9.88,9.94,18908624
2010-09-10,9.91,10.05,9.63,9.89,10031192
2010-09-13,9.87,10.09,9.78,9.98,9883218
2010-09-14,9.96,10.02,9.72,9.77,11422534
2010-09-15,9.72,9.75,9.50,9.57,9002576
2010-09-16,9.60,9.71,9.12,9.26,8957431
2010-09-17,9.34,9.55,9.22,9.36,7780533
2010-09-20,9.35,9.40,9.05,9.13,5929523
2010-09-21,9.20,9.24,9.03,9.10,3771921
2010-09-27,9.35,9.43,9.24,9.30,9688199
2010-09-28,9.65,9.85,9.37,9.43,20383394
2010-09-29,9.40,10.00,9.20,9.50,24745980
2010-09-30,9.34,9.62,9.06,9.58,19843322
2010-10-08,9.79,10.37,9.68,10.04,34668360
2010-10-11,10.38,10.90,10.35,10.60,46856124
2010-10-12,10.50,11.66,10.38,11.66,52202820
2010-10-13,12.00,12.20,11.26,11.71,69280432
2010-10-14,11.83,12.88,11.61,12.88,77869848
2010-10-15,12.79,13.96,12.41,13.03,90319336
2010-10-18,12.85,13.21,12.15,12.21,59418916
2010-10-19,12.39,12.78,12.00,12.51,39525512
2010-10-20,12.00,12.70,11.63,12.17,49357112
2010-10-21,12.44,12.70,12.02,12.45,40219796
2010-10-22,12.30,13.20,12.10,12.70,50249112
2010-10-25,12.72,13.77,12.51,13.61,60811368
2010-10-26,13.38,13.63,12.96,13.10,47765504
2010-10-27,13.00,13.59,12.70,12.85,41788248
2010-10-29,13.05,13.39,12.74,12.85,37954176
2010-11-01,13.08,13.83,12.82,13.76,57895632
2010-11-02,13.77,15.08,13.58,14.11,79877544
2010-11-03,14.18,14.33,13.10,13.40,55908268
2010-11-04,13.68,14.50,13.48,14.29,61621576
2010-11-05,14.72,14.94,13.92,14.15,53900704
2010-11-08,14.05,14.06,13.55,14.00,34253172
2010-11-09,13.88,14.30,13.70,13.76,35919272
2010-11-10,13.76,13.85,13.22,13.56,34802648
2010-11-11,13.65,14.31,13.61,13.80,51696524
2010-11-12,13.60,13.76,12.42,12.50,41296952
2010-11-15,12.55,12.73,11.85,12.33,23113542
2010-11-16,12.36,12.38,11.57,11.66,19019304
2010-11-17,11.10,11.48,10.95,11.02,27474260
2010-11-18,11.28,11.41,11.01,11.32,15737152
2010-11-19,11.38,11.44,10.89,11.40,18001584
2010-11-22,11.29,11.80,11.09,11.55,25471776
2010-11-23,11.30,11.40,10.82,11.00,17542808
2010-11-24,10.90,11.40,10.81,11.26,11832702
2010-11-25,11.30,11.55,11.22,11.50,17720028
2010-11-26,11.60,11.70,11.26,11.70,24622500
2010-11-29,11.70,11.70,11.40,11.68,15897255
2010-11-30,11.60,11.87,11.00,11.65,20895684
2010-12-01,11.50,11.74,11.40,11.60,11143436
2010-12-02,11.88,11.96,11.61,11.61,16336820
2010-12-03,11.59,11.71,11.27,11.60,11740874
2010-12-06,11.68,11.75,11.40,11.42,7206032
2010-12-07,11.39,11.59,11.06,11.50,9098890
2010-12-08,11.43,11.60,11.27,11.28,7927352
2010-12-09,11.30,11.42,11.10,11.11,6958585
2010-12-10,10.99,11.35,10.92,11.19,7065235
2010-12-13,11.30,11.68,11.26,11.65,14670504
2010-12-14,11.73,11.79,11.58,11.70,10598104
2010-12-15,11.72,11.85,11.48,11.59,14353249
2010-12-16,11.50,11.56,11.29,11.32,10802767
2010-12-17,11.32,11.68,11.28,11.50,9332593
2010-12-20,11.58,11.68,11.08,11.30,11667892
2010-12-21,11.22,11.79,11.22,11.70,18082124
2010-12-22,11.74,12.08,11.60,11.81,26760410
2010-12-23,11.86,12.97,11.71,12.35,53896284
2010-12-24,12.10,12.53,11.87,12.14,26492176
2010-12-27,12.14,12.46,11.38,11.45,23907744
2010-12-28,11.30,11.37,10.83,11.16,19534200
2010-12-29,11.17,11.36,10.80,11.36,13890304
2010-12-30,11.40,11.59,10.98,11.40,12910573
2010-12-31,11.39,11.97,11.20,11.94,18972760
2011-01-04,12.14,12.42,11.97,12.18,21230338
2011-01-05,12.00,12.00,11.59,11.73,32180564
2011-01-06,11.72,12.05,11.50,11.84,21635642
2011-01-07,11.80,12.36,11.67,12.06,28131928
2011-01-10,11.96,11.96,11.55,11.58,15611955
2011-01-11,11.49,11.69,11.21,11.61,11800786
2011-01-13,11.78,11.85,11.53,11.55,7184599
2011-01-14,11.46,11.48,11.00,11.09,13386763
2011-01-17,11.10,11.23,10.00,10.24,18950324
2011-01-18,10.10,10.25,9.96,10.11,13312738
2011-01-19,10.12,10.55,10.05,10.48,9396234
2011-01-20,10.39,11.20,10.26,10.31,18584058
2011-01-21,10.15,10.48,10.05,10.31,9350094
2011-01-24,10.33,10.43,10.08,10.12,5982877
2011-01-25,10.16,10.23,10.02,10.07,4052334
2011-01-26,10.07,10.24,10.07,10.20,4138614
2011-01-27,10.15,10.45,10.09,10.39,7594262
2011-01-28,10.40,10.52,10.22,10.47,8642213
2011-01-31,10.58,10.60,10.40,10.55,6538111
2011-02-01,10.71,10.83,10.60,10.71,7164829
2011-02-09,10.65,10.92,10.40,10.52,9059823
2011-02-10,10.50,10.83,10.45,10.80,7768342
2011-02-11,10.78,10.93,10.68,10.76,8443122
2011-02-14,10.73,11.28,10.70,11.18,18966176
2011-02-15,11.26,12.30,11.20,12.30,46503392
2011-02-16,12.14,12.38,11.94,12.27,40318536
2011-02-17,12.26,12.62,12.09,12.19,26018672
2011-02-18,12.11,12.19,11.86,11.92,14402612
2011-02-21,11.85,12.45,11.80,12.34,19324204
2011-02-22,12.45,12.68,11.90,11.91,26623460
2011-02-23,11.90,12.14,11.69,11.83,15575482
2011-02-24,11.82,12.30,11.70,12.20,18460198
2011-02-25,12.15,12.57,11.88,12.49,28323952
2011-02-28,12.50,12.95,12.38,12.70,31990628
2011-03-01,12.75,12.84,12.53,12.60,22446136
2011-03-02,12.50,12.65,12.18,12.45,16200932
2011-03-03,12.40,12.61,11.98,12.03,12991922
2011-03-04,12.08,12.53,12.08,12.50,13224644
2011-03-07,12.52,13.15,12.43,13.03,33206738
2011-03-08,12.93,12.99,12.75,12.89,14447249
2011-03-09,12.85,13.16,12.85,12.91,15935469
2011-03-10,12.88,12.88,12.30,12.38,21162076
2011-03-11,12.31,12.85,12.29,12.39,19334622
2011-03-14,12.07,12.44,12.06,12.42,12565205
2011-03-15,12.28,12.29,11.67,12.15,16118646
2011-03-16,12.10,12.95,12.10,12.60,27026938
2011-03-17,12.30,12.42,12.05,12.27,17045008
2011-03-18,12.30,12.61,12.30,12.36,11039924
2011-03-21,12.36,12.43,12.09,12.16,10640348
2011-03-22,12.22,12.34,11.90,12.30,10001556
2011-03-23,12.25,12.38,12.08,12.37,11279660
2011-03-24,12.48,12.65,12.30,12.30,11387313
2011-03-25,12.32,12.70,12.17,12.56,19975188
2011-03-28,12.75,13.40,12.73,13.18,50922060
2011-03-29,13.12,13.32,12.81,12.88,23278852
2011-03-30,12.84,13.48,12.84,13.36,35392516
2011-03-31,13.25,13.80,13.05,13.09,27977822
2011-04-01,13.09,13.30,12.80,13.05,16310844
2011-04-06,12.99,13.62,12.90,13.60,29621092
2011-04-07,13.67,13.84,13.47,13.62,26915192
2011-04-08,13.62,13.81,13.38,13.62,22541790
2011-04-11,13.77,14.80,13.62,14.10,47699216
2011-04-12,13.90,14.50,13.75,13.89,33107870
2011-04-13,13.65,13.71,13.26,13.61,18144036
2011-04-14,13.53,14.70,13.50,14.02,37797640
2011-04-15,14.02,14.18,13.56,13.79,19825944
2011-04-18,13.75,14.20,13.56,13.79,16660066
2011-04-19,13.60,13.60,13.10,13.20,19856792
2011-04-20,13.25,13.48,13.15,13.33,13286085
2011-04-21,13.45,13.85,13.36,13.85,19154536
2011-04-22,13.79,14.10,13.60,13.82,15929326
2011-04-25,13.75,13.75,13.00,13.10,15169362
2011-04-26,13.10,13.18,12.34,13.07,21207504
2011-04-27,13.01,13.36,12.86,13.12,13570307
2011-04-28,13.15,13.23,12.36,12.40,7548685
2011-04-29,12.48,12.95,12.42,12.92,7668872
2011-05-03,12.75,13.02,12.68,12.90,6936531
2011-05-04,12.79,13.09,12.45,12.68,9605972
2011-05-05,12.55,12.64,12.14,12.42,12985650
2011-05-06,12.00,12.05,11.49,11.97,14499748
2011-05-09,11.90,12.06,11.80,11.96,5381527
2011-05-10,12.06,12.29,11.90,12.21,7664311
2011-05-11,12.23,12.28,11.87,12.11,8374370
2011-05-12,11.90,12.04,11.73,11.92,10513759
2011-05-13,11.90,12.05,11.55,12.02,10953407
2011-05-16,11.89,11.98,11.57,11.70,8146484
2011-05-18,11.73,11.94,11.70,11.79,6959887
2011-05-19,11.86,11.90,11.58,11.65,6563233
2011-05-20,11.64,11.70,11.45,11.69,10907664
2011-05-23,11.54,11.72,11.22,11.22,6763674
2011-05-24,11.11,11.20,10.80,11.13,6652272
2011-05-25,11.15,11.16,10.79,10.80,6178201
2011-05-26,10.98,11.04,10.78,10.78,3816255
2011-05-27,10.82,10.98,10.71,10.82,4364995
2011-05-30,10.79,10.81,10.50,10.53,3705417
2011-05-31,10.55,10.82,10.41,10.77,4769929
2011-06-01,10.85,10.99,10.65,10.89,6511116
2011-06-02,10.70,10.95,10.55,10.92,5933322
2011-06-03,10.87,11.38,10.85,11.33,10111553
2011-06-08,11.56,12.25,11.44,11.61,20415008
2011-06-09,11.41,11.52,11.00,11.02,11129857
2011-06-10,10.99,11.09,10.69,10.92,6742437
2011-06-13,10.75,11.38,10.68,11.16,7153317
2011-06-14,11.08,11.29,10.99,11.21,9647417
2011-06-15,11.10,11.20,10.90,10.91,6214062
2011-06-16,10.75,10.85,10.58,10.59,6021742
2011-06-17,10.55,10.67,10.26,10.30,5203750
2011-06-20,10.33,10.35,10.12,10.23,3482626
2011-06-21,10.25,10.38,10.21,10.35,3080111
2011-06-22,10.41,10.55,10.30,10.36,2911950
2011-06-23,10.33,10.60,10.25,10.59,3847189
2011-06-24,10.52,11.06,10.48,10.81,11288296
2011-06-27,10.80,10.93,10.71,10.73,9887077
2011-06-28,10.79,10.98,10.74,10.82,11391400
2011-06-29,10.86,10.90,10.54,10.55,7904090
2011-06-30,10.63,10.84,10.55,10.76,9982574
2011-07-01,10.78,11.00,10.71,10.87,12762264
2011-07-04,10.93,11.56,10.91,11.39,20622926
2011-07-05,11.34,11.55,11.25,11.42,11700300
2011-07-06,11.42,11.50,11.20,11.36,11180241
2011-07-07,11.36,11.57,11.20,11.21,13647016
2011-07-08,11.38,11.54,11.25,11.45,15386554
2011-07-11,11.40,11.58,11.31,11.45,9116486
2011-07-12,11.31,11.42,11.15,11.20,8914320
2011-07-13,11.21,11.41,11.21,11.39,14559885
2011-07-14,11.44,11.86,11.43,11.67,19766498
2011-07-15,8.94,9.33,8.83,9.15,24622000
2011-07-18,9.18,9.25,9.02,9.06,12153855
2011-07-19,9.06,9.08,8.88,9.02,10525578
2011-07-20,9.11,9.22,8.80,9.07,13676176
2011-07-21,9.04,9.04,8.81,8.89,8723250
2011-07-22,8.90,9.22,8.87,9.12,18389348
2011-07-25,9.11,9.16,8.67,8.73,17416192
2011-07-26,8.76,9.09,8.62,9.05,21746216
2011-07-27,9.00,9.96,8.91,9.96,109184960
2011-07-28,9.95,10.36,9.85,10.00,106001792
2011-07-29,10.01,10.05,9.66,9.67,34555420
2011-08-01,9.79,10.03,9.61,9.87,26752796
2011-08-02,9.68,9.75,9.29,9.57,35330040
2011-08-03,9.48,9.93,9.34,9.76,32284296
2011-08-04,9.78,9.87,9.48,9.65,21788280
2011-08-05,9.19,9.50,9.07,9.27,33815844
2011-08-08,9.15,9.18,8.34,8.58,27352272
2011-08-09,8.26,8.66,8.00,8.46,21784496
2011-08-10,8.60,8.77,8.50,8.54,18866712
2011-08-11,8.24,8.82,8.19,8.74,19568942
2011-08-12,8.80,9.13,8.80,8.89,20371214
2011-08-15,8.92,9.04,8.76,8.98,12015440
2011-08-16,9.05,9.05,8.85,8.89,11497555
2011-08-17,8.84,8.96,8.79,8.81,7749587
2011-08-18,8.79,8.85,8.55,8.56,9933142
2011-08-19,8.34,8.45,8.10,8.28,14018347
2011-08-22,8.28,8.43,8.20,8.30,6282259
2011-08-23,8.36,8.53,8.31,8.47,6980919
2011-08-24,8.52,8.62,8.34,8.38,7429538
2011-08-25,8.38,8.77,8.38,8.74,13255095
2011-08-26,8.80,8.89,8.59,8.78,14587926
2011-08-29,8.70,8.70,8.55,8.57,8616670
2011-08-30,8.66,8.76,8.46,8.47,11675916
2011-08-31,8.50,8.58,8.36,8.47,5338492
2011-09-01,8.46,8.56,8.38,8.41,4989995
2011-09-02,8.40,8.44,8.28,8.35,4397798
2011-09-05,8.27,8.27,8.09,8.11,6758322
2011-09-06,8.02,8.15,8.00,8.12,4482469
2011-09-07,8.22,8.35,8.13,8.31,5727044
2011-09-08,8.38,8.39,8.20,8.20,4795205
2011-09-09,8.25,8.35,8.13,8.22,3898098
2011-09-13,8.12,8.12,8.01,8.08,3871235
2011-09-14,8.09,8.17,7.83,8.09,9499018
2011-09-15,8.11,8.14,7.93,7.94,8751712
2011-09-16,8.01,8.05,7.93,7.95,4697542
2011-09-19,7.94,8.11,7.83,7.83,7435780
2011-09-20,7.84,8.00,7.84,7.93,4507283
2011-09-21,7.93,8.20,7.85,8.16,11287918
2011-09-22,8.05,8.11,7.88,7.89,7070638
2011-09-23,7.70,7.85,7.62,7.79,7140848
2011-09-26,7.66,7.94,7.63,7.65,5225229
2011-09-27,7.71,7.78,7.65,7.69,5865411
2011-09-29,7.45,7.53,7.12,7.22,7143398
2011-09-30,7.30,7.32,7.10,7.13,4480778
2011-10-10,7.17,7.22,7.06,7.08,3879652
2011-10-11,7.29,7.30,6.96,7.02,6943209
2011-10-12,6.98,7.24,6.84,7.22,7475949
2011-10-13,7.18,7.59,7.12,7.36,22361860
2011-10-14,7.27,7.33,7.09,7.18,13646735
2011-10-17,7.23,7.26,7.02,7.10,10836198
2011-10-18,7.00,7.06,6.68,6.70,12518041
2011-10-19,6.73,6.81,6.59,6.63,7427303
2011-10-20,6.62,6.62,6.14,6.24,13107317
2011-10-21,6.23,6.25,5.99,6.01,12040654
2011-10-24,6.08,6.25,5.92,6.20,12387223
2011-10-25,6.21,6.50,6.15,6.43,19791172
2011-10-26,6.35,6.58,6.30,6.43,16227952
2011-10-27,6.45,6.64,6.38,6.49,13868670
2011-10-28,6.64,6.79,6.58,6.70,19385952
2011-10-31,6.71,6.73,6.56,6.59,12643313
2011-11-01,6.50,6.62,6.39,6.48,13796788
2011-11-02,6.30,6.57,6.28,6.56,12434974
2011-11-03,6.62,6.93,6.60,6.69,21504808
2011-11-04,6.87,7.05,6.76,6.95,27004052
2011-11-07,6.90,6.94,6.78,6.80,13657248
2011-11-08,6.80,6.90,6.79,6.83,9823215
2011-11-09,6.86,6.93,6.75,6.89,9198122
2011-11-10,6.78,6.78,6.63,6.64,11106669
2011-11-11,6.68,6.75,6.60,6.64,6252183
2011-11-14,6.74,6.83,6.68,6.82,8917169
2011-11-15,6.80,6.87,6.75,6.86,8282387
2011-11-16,6.88,6.89,6.59,6.61,10537784
2011-11-17,6.61,6.69,6.59,6.66,6395951
2011-11-18,6.58,6.59,6.41,6.42,6705751
2011-11-21,6.45,6.51,6.39,6.48,3812259
2011-11-22,6.39,6.45,6.31,6.40,3734557
2011-11-23,6.41,6.45,6.30,6.30,3639202
2011-11-24,6.23,6.32,6.14,6.21,6773928
2011-11-25,6.21,6.28,6.15,6.18,4475734
2011-11-28,6.20,6.31,6.13,6.29,7626209
2011-11-29,6.34,6.64,6.30,6.60,10946940
2011-11-30,6.56,6.56,6.14,6.19,8424816
2011-12-01,6.47,6.60,6.32,6.38,12869250
2011-12-02,6.36,6.36,6.23,6.26,4877803
2011-12-05,6.27,6.38,6.20,6.26,6703194
2011-12-06,6.26,6.29,6.14,6.20,4503368
2011-12-07,6.21,6.33,6.18,6.30,4107572
2011-12-08,6.25,6.33,6.15,6.26,3368642
2011-12-09,6.20,6.24,6.15,6.16,2987651
2011-12-12,6.16,6.22,6.14,6.14,2282288
2011-12-13,6.10,6.12,5.90,5.90,5433071
2011-12-14,5.88,5.94,5.80,5.85,3302481
2011-12-15,5.79,5.79,5.27,5.28,12326939
2011-12-16,5.28,5.36,4.97,5.27,17904796
2011-12-19,5.18,5.18,4.98,5.12,13709980
2011-12-20,5.08,5.21,5.05,5.17,14930261
2011-12-21,5.21,5.26,4.95,4.98,9549568
2011-12-22,4.98,5.11,4.79,4.96,9109266
2011-12-23,4.94,5.12,4.92,5.02,8843888
2011-12-26,5.00,5.07,4.93,4.95,6245759
2011-12-27,4.95,4.97,4.74,4.77,8318643
2011-12-28,4.73,4.81,4.61,4.80,8496837
2011-12-29,4.74,4.84,4.71,4.80,6822955
2011-12-30,4.83,4.94,4.82,4.92,7309914
2012-01-04,5.00,5.04,4.76,4.76,6138976
2012-01-05,4.74,4.76,4.59,4.66,8556474
2012-01-06,4.55,4.81,4.53,4.76,5712875
2012-01-09,4.76,5.16,4.67,5.10,12379056
2012-01-10,5.08,5.49,5.03,5.39,17192660
2012-01-11,5.39,5.42,5.23,5.30,11175976
2012-01-12,5.27,5.47,5.24,5.38,10547898
2012-01-13,5.40,5.45,5.15,5.25,10658558
2012-01-16,5.15,5.24,5.03,5.03,6426079
2012-01-17,5.06,5.53,5.04,5.53,17255172
2012-01-18,6.08,6.08,5.64,5.72,49899352
2012-01-19,5.70,5.85,5.58,5.76,32226724
2012-01-20,5.77,5.80,5.60,5.72,12774182
2012-01-30,5.76,5.78,5.50,5.57,12827180
2012-01-31,5.56,5.69,5.51,5.60,7767887
2012-02-01,5.58,5.65,5.40,5.41,10459591
2012-02-02,5.45,5.60,5.43,5.60,9512289
2012-02-03,5.55,5.65,5.53,5.61,10952520
2012-02-06,5.62,5.71,5.53,5.60,9654853
2012-02-07,5.57,5.64,5.42,5.60,11264400
2012-02-08,5.55,6.00,5.51,5.90,23763440
2012-02-09,5.85,5.96,5.75,5.83,21321968
2012-02-10,5.83,5.96,5.81,5.89,15262080
2012-02-13,5.83,5.94,5.75,5.88,11698244
2012-02-14,5.85,5.87,5.71,5.80,12193612
2012-02-15,5.76,6.05,5.76,5.94,20673888
2012-02-17,5.91,5.95,5.81,5.87,11490101
2012-02-20,5.99,6.03,5.86,5.87,12863495
2012-02-21,5.90,5.94,5.76,5.93,9475340
2012-02-22,5.93,6.08,5.93,6.04,16325081
2012-02-23,6.03,6.15,6.00,6.11,15963550
2012-02-24,6.10,6.20,6.03,6.16,17515872
2012-02-27,6.20,6.64,6.20,6.30,31311052
2012-02-28,6.27,6.40,6.18,6.30,17044516
2012-02-29,6.25,6.44,6.21,6.29,16716593
2012-03-01,6.23,6.34,6.20,6.28,9766438
2012-03-02,6.29,6.55,6.29,6.50,21029376
2012-03-05,6.50,6.73,6.46,6.61,24861160
2012-03-06,6.59,6.59,6.36,6.43,23069560
2012-03-07,6.33,6.42,6.22,6.28,14249216
2012-03-08,6.32,6.48,6.32,6.40,11642223
2012-03-09,6.44,6.59,6.44,6.54,11691289
2012-03-12,6.54,6.62,6.44,6.51,12453809
2012-03-13,6.51,6.55,6.45,6.54,11196539
2012-03-14,6.58,6.64,6.16,6.21,21589050
2012-03-15,6.20,6.26,5.95,6.04,14387283
2012-03-16,6.07,6.17,6.00,6.15,9153406
2012-03-19,6.12,6.28,6.11,6.28,8181005
2012-03-20,6.25,6.26,6.09,6.10,7649859
2012-03-21,6.08,6.58,6.08,6.33,21920510
2012-03-22,6.22,6.32,6.19,6.26,8125483
2012-03-23,6.22,6.22,6.08,6.10,7969148
2012-03-26,6.12,6.16,6.07,6.12,4588489
2012-03-27,6.17,6.36,6.17,6.21,10527226
2012-03-29,5.84,5.89,5.59,5.73,13383800
2012-03-30,5.73,5.81,5.55,5.60,6682517
2012-04-05,5.61,5.79,5.47,5.76,7272382
2012-04-06,5.77,5.82,5.67,5.77,6929712
2012-04-09,5.79,5.81,5.69,5.73,5603994
2012-04-10,5.71,5.76,5.48,5.74,8157503
2012-04-11,5.67,5.74,5.61,5.69,6075875
2012-04-12,5.73,5.88,5.70,5.85,11569528
2012-04-13,5.91,6.01,5.86,5.91,11627726
2012-04-16,5.81,5.92,5.75,5.87,7017671
2012-04-17,5.85,5.91,5.79,5.80,5568350
2012-04-18,5.86,5.96,5.82,5.94,9568730
2012-04-19,5.94,5.98,5.88,5.91,7940039
2012-04-20,5.93,6.15,5.92,6.10,20269260
2012-04-23,6.20,6.40,6.10,6.12,20209084
2012-04-24,6.07,6.23,5.85,6.13,13518979
2012-04-26,6.19,6.74,6.19,6.74,59345344
2012-04-27,6.95,6.95,6.50,6.68,59531128
2012-05-02,6.71,7.10,6.62,6.89,72749600
2012-05-03,6.75,7.17,6.71,6.95,48904848
2012-05-04,6.91,7.02,6.80,6.89,24847080
2012-05-07,6.80,7.12,6.69,6.90,27846590
2012-05-08,6.87,6.88,6.65,6.74,19002876
2012-05-09,6.68,6.68,6.39,6.45,21702916
2012-05-10,6.41,6.58,6.41,6.47,12455694
2012-05-11,6.46,6.58,6.35,6.36,14295237
2012-05-14,6.44,6.49,6.32,6.32,11179065
2012-05-15,6.25,6.25,6.08,6.20,14029583
2012-05-16,6.16,6.25,6.10,6.13,11639066
2012-05-17,6.15,6.32,6.13,6.29,10453883
2012-05-18,6.24,6.30,6.11,6.14,10381907
2012-05-21,6.14,6.35,6.10,6.25,9969484
2012-05-22,6.31,6.64,6.27,6.54,24717442
2012-05-23,6.46,6.62,6.42,6.52,14092408
2012-05-24,6.50,6.63,6.41,6.50,10980243
2012-05-25,6.50,6.54,6.28,6.36,8624414
2012-05-28,6.32,6.85,6.20,6.73,23114822
2012-05-29,6.68,6.99,6.65,6.80,32968160
2012-05-30,6.79,6.81,6.67,6.68,10908428
2012-05-31,6.59,6.77,6.56,6.63,9756749
2012-06-01,6.90,7.05,6.62,6.66,22577658
2012-06-04,6.40,6.58,6.36,6.49,13967122
2012-06-05,6.47,6.53,6.35,6.39,8558558
2012-06-06,6.46,6.56,6.40,6.43,9431792
2012-06-07,6.56,6.66,6.41,6.43,11697116
2012-06-08,6.55,6.58,6.40,6.45,8681207
2012-06-11,6.50,6.67,6.40,6.61,9071262
2012-06-12,6.55,6.68,6.53,6.60,8510988
2012-06-13,6.66,6.70,6.58,6.69,7791820
2012-06-14,6.70,6.75,6.60,6.61,6492750
2012-06-15,6.65,6.65,6.41,6.56,10095282
2012-06-18,6.56,6.75,6.55,6.62,8993062
2012-06-19,6.60,6.63,6.38,6.39,11681901
2012-06-20,6.39,6.48,6.33,6.37,6003663
2012-06-21,6.36,6.36,6.10,6.18,9582408
2012-06-25,6.14,6.16,5.92,5.93,8744947
2012-06-26,5.90,6.03,5.87,5.95,4519057
2012-06-27,5.99,6.03,5.87,5.88,3348206
2012-06-28,5.92,5.97,5.74,5.75,4942926
2012-06-29,5.70,5.96,5.65,5.89,6438547
2012-07-02,5.90,6.01,5.90,5.94,5621423
2012-07-03,5.94,6.02,5.88,5.94,4505842
2012-07-04,5.99,6.12,5.93,5.97,6537739
2012-07-05,5.94,6.00,5.81,5.99,6049429
2012-07-06,6.01,6.16,5.95,6.13,10398149
2012-07-09,6.06,6.06,5.85,5.89,8532119
2012-07-10,5.89,5.93,5.81,5.85,4709759
2012-07-11,5.78,5.98,5.76,5.92,4088663
2012-07-12,5.89,6.12,5.71,6.04,11380706
2012-07-13,6.01,6.01,5.90,5.92,8493479
2012-07-16,5.83,5.87,5.64,5.66,7544779
2012-07-17,5.62,5.78,5.59,5.66,5562933
2012-07-18,5.67,5.68,5.32,5.55,12783346
2012-07-19,5.50,5.63,5.46,5.53,7627275
2012-07-20,5.52,5.60,5.47,5.50,4754859
2012-07-23,5.40,5.42,5.22,5.26,9373655
2012-07-24,5.25,5.36,5.15,5.33,5704544
2012-07-25,5.29,5.29,5.12,5.16,8864453
2012-07-26,5.18,5.30,5.14,5.18,4827067
2012-07-27,5.21,5.26,5.19,5.24,4232186
2012-07-30,5.22,5.26,5.13,5.14,4108944
2012-07-31,5.14,5.18,4.91,4.96,6694267
2012-08-01,4.98,5.10,4.98,5.03,5659059
2012-08-02,5.01,5.06,4.91,4.93,4266591
2012-08-03,4.96,4.99,4.93,4.99,4956827
2012-08-06,4.98,5.16,4.96,5.15,8482655
2012-08-07,5.15,5.24,5.14,5.20,7543404
2012-08-08,5.21,5.39,5.16,5.23,9450311
2012-08-09,5.22,5.24,5.12,5.24,7450842
2012-08-10,5.23,5.23,5.14,5.17,6456253
2012-08-13,5.15,5.19,5.08,5.08,5052900
2012-08-14,5.07,5.14,5.02,5.14,4514769
2012-08-15,5.11,5.11,5.05,5.06,2709929
2012-08-16,5.06,5.09,5.02,5.02,3042196
2012-08-17,5.02,5.06,4.96,5.02,4065727
2012-08-20,5.00,5.00,4.80,4.97,7463749
2012-08-21,4.95,5.10,4.89,5.08,6452218
2012-08-22,5.07,5.08,4.98,5.01,3888706
2012-08-23,5.01,5.25,4.98,5.09,7813465
2012-08-24,5.06,5.14,4.98,4.99,5625377
2012-08-27,4.95,5.15,4.92,5.14,12800317
2012-08-28,5.11,5.20,5.07,5.14,5559101
2012-08-29,5.12,5.27,5.10,5.17,8868495
2012-08-30,5.14,5.20,5.06,5.13,5763593
2012-08-31,5.12,5.20,5.02,5.05,4340565
2012-09-03,5.05,5.09,4.97,5.06,11984756
2012-09-04,5.04,5.06,4.86,4.90,9405988
2012-09-05,4.88,4.92,4.83,4.89,5222181
2012-09-06,4.96,4.98,4.89,4.93,3373578
2012-09-07,4.96,5.32,4.94,5.19,20102732
2012-09-10,5.19,5.42,5.19,5.31,22789020
2012-09-11,5.28,5.28,5.19,5.28,8566710
2012-09-12,5.31,5.47,5.24,5.35,14510169
2012-09-13,5.33,5.42,5.29,5.30,11179731
2012-09-14,5.44,5.71,5.35,5.41,16255027
2012-09-17,5.47,5.55,5.30,5.32,16820932
2012-09-18,5.20,5.25,5.16,5.20,7153444
2012-09-19,5.16,5.34,5.16,5.31,5718912
2012-09-20,5.26,5.28,5.09,5.09,5825662
2012-09-21,5.09,5.22,5.07,5.13,4433245
2012-09-24,5.17,5.31,5.07,5.26,10597725
2012-09-25,5.23,5.28,5.06,5.09,7688207
2012-09-26,5.09,5.12,4.90,4.90,7472784
2012-09-27,4.99,5.09,4.91,5.05,6929133
2012-09-28,5.03,5.14,5.01,5.14,8071946
2012-10-08,5.13,5.15,5.01,5.05,5641523
2012-10-09,5.08,5.17,5.05,5.16,8389581
2012-10-10,5.12,5.24,5.07,5.22,7856838
2012-10-11,5.18,5.45,5.12,5.26,16532544
2012-10-12,5.24,5.32,5.17,5.20,8358414
2012-10-15,5.21,5.22,5.06,5.09,5224272
2012-10-16,5.11,5.15,5.07,5.09,3072431
2012-10-17,5.12,5.14,5.04,5.10,3415135
2012-10-18,5.11,5.18,5.06,5.13,7431983
2012-10-19,5.14,5.17,5.10,5.11,6465325
2012-10-22,5.07,5.13,5.04,5.11,5432216
2012-10-23,5.11,5.13,5.05,5.08,5742468
2012-10-24,5.05,5.12,5.03,5.09,5638674
2012-10-25,5.08,5.15,5.03,5.06,8320212
2012-10-26,5.07,5.07,4.94,4.94,6580810
2012-10-29,4.94,4.97,4.89,4.94,3193102
2012-10-30,4.94,4.98,4.90,4.92,2807091
2012-10-31,4.91,4.95,4.89,4.94,3151200
2012-11-01,4.95,5.04,4.94,5.01,4913353
2012-11-02,5.03,5.05,4.94,4.97,6438000
2012-11-05,4.95,5.02,4.94,4.95,4592203
2012-11-06,4.95,4.98,4.85,4.91,5016932
2012-11-07,4.91,4.99,4.90,4.95,5102851
2012-11-08,4.90,4.92,4.85,4.86,3762441
2012-11-09,4.86,4.88,4.82,4.84,2386870
2012-11-12,4.86,4.96,4.83,4.93,2867202
2012-11-13,4.91,4.92,4.78,4.85,4130293
2012-11-14,4.89,5.23,4.85,4.98,10571957
2012-11-15,4.90,4.91,4.82,4.82,5726923
2012-11-16,4.82,4.84,4.76,4.78,3014507
2012-11-19,4.78,4.80,4.73,4.79,1842795
2012-11-20,4.80,4.83,4.75,4.76,1624749
2012-11-21,4.75,4.87,4.71,4.83,3295549
2012-11-22,4.80,4.80,4.73,4.74,2435684
2012-11-23,4.77,4.82,4.74,4.78,1944538
2012-11-26,4.78,4.79,4.72,4.75,1966445
2012-11-27,4.72,4.74,4.58,4.61,3874657
2012-11-28,4.62,4.65,4.48,4.48,3410246
2012-11-29,4.49,4.57,4.47,4.49,3746730
2012-11-30,4.51,4.58,4.50,4.54,2902448
2012-12-03,4.54,4.62,4.50,4.51,3179562
2012-12-04,4.48,4.65,4.48,4.62,4589403
2012-12-05,4.66,4.83,4.65,4.78,6557458
2012-12-06,4.76,4.80,4.68,4.70,3659595
2012-12-07,4.70,4.82,4.68,4.79,4993150
2012-12-10,4.85,4.92,4.82,4.85,4901300
2012-12-11,4.83,4.94,4.76,4.87,8492255
2012-12-12,4.85,4.86,4.78,4.82,3607704
2012-12-13,4.82,4.83,4.77,4.77,2888434
2012-12-14,4.77,5.05,4.77,5.00,11300832
2012-12-17,5.00,5.25,5.00,5.17,17477750
2012-12-18,5.15,5.34,5.06,5.17,13060883
2012-12-19,5.12,5.20,5.09,5.12,6733397
2012-12-20,5.11,5.12,4.98,5.05,13685404
2012-12-21,5.05,5.14,5.00,5.02,8633670
2012-12-24,5.01,5.07,4.97,4.97,7040083
2012-12-25,4.96,5.18,4.92,5.12,15155616
2012-12-26,5.13,5.17,5.09,5.15,11093222
2012-12-27,5.17,5.27,5.09,5.18,14064026
2012-12-28,5.15,5.30,5.15,5.25,9392251
2012-12-31,5.25,5.31,5.21,5.27,9291811
2013-01-04,5.30,5.43,5.27,5.31,11127508
2013-01-07,5.29,5.31,5.19,5.21,6176769
2013-01-08,5.21,5.25,5.17,5.24,7169136
2013-01-09,5.21,5.30,5.19,5.27,7038913
2013-01-10,5.31,5.38,5.23,5.27,6267715
2013-01-11,5.33,5.42,5.15,5.18,10958513
2013-01-14,5.15,5.33,5.15,5.30,10519856
2013-01-15,5.29,5.40,5.27,5.36,11919904
2013-01-16,5.35,5.51,5.30,5.36,11070490
2013-01-17,5.38,5.45,5.23,5.24,6753568
2013-01-18,5.31,5.38,5.25,5.33,5291710
2013-01-21,5.34,5.36,5.28,5.33,6036246
2013-01-22,5.34,5.35,5.19,5.23,7628080
2013-01-23,5.22,5.31,5.21,5.27,7412343
2013-01-24,5.25,5.42,5.16,5.21,13292920
2013-01-25,5.20,5.27,5.15,5.22,3634166
2013-01-28,5.24,5.33,5.22,5.31,5161326
2013-01-29,5.39,5.46,5.31,5.35,11075944
2013-01-30,5.34,5.41,5.28,5.30,9587003
2013-01-31,5.33,5.49,5.33,5.40,12433007
2013-02-01,5.36,5.47,5.34,5.42,7934507
2013-02-04,5.47,5.96,5.46,5.96,48816528
2013-02-05,5.95,6.00,5.80,5.95,30988348
2013-02-06,5.97,5.99,5.74,5.79,21948890
2013-02-07,5.77,5.94,5.74,5.91,16947786
2013-02-08,5.91,5.96,5.84,5.88,13590092
2013-02-18,5.92,6.00,5.80,5.87,12754492
2013-02-19,5.84,5.94,5.69,5.73,10072762
2013-02-20,5.70,5.80,5.66,5.73,8177356
2013-02-21,5.70,5.71,5.44,5.51,13255791
2013-02-22,5.51,5.61,5.50,5.57,7212183
2013-02-25,5.60,5.74,5.49,5.73,8532113
2013-02-26,5.67,5.72,5.47,5.50,9911371
2013-02-27,5.55,5.59,5.40,5.44,5465007
2013-02-28,5.48,5.60,5.48,5.59,6047796
2013-03-01,5.59,5.60,5.49,5.58,6262607
2013-03-04,5.55,5.58,5.26,5.28,8830888
2013-03-05,5.28,5.39,5.28,5.37,4976037
2013-03-06,5.37,5.45,5.36,5.39,5995654
2013-03-07,5.36,5.50,5.33,5.39,6947291
2013-03-08,5.40,5.47,5.36,5.37,3626238
2013-03-11,5.33,5.36,5.27,5.33,3672660
2013-03-12,5.33,5.37,5.16,5.19,6122556
2013-03-13,5.23,5.25,5.14,5.21,3692308
2013-03-14,5.17,5.22,5.12,5.16,4663235
2013-03-15,5.20,5.27,5.10,5.16,5211808
2013-03-18,5.14,5.14,4.98,5.00,5934385
2013-03-19,5.07,5.07,4.85,5.00,6418675
2013-03-20,5.00,5.14,4.98,5.11,5431828
2013-03-21,5.11,5.19,5.09,5.10,5706310
2013-03-22,5.08,5.13,5.07,5.12,2580682
2013-03-25,5.12,5.18,5.08,5.18,4075780
2013-03-26,5.15,5.16,5.05,5.09,4733956
2013-03-27,5.08,5.17,5.06,5.09,3777300
2013-03-28,5.02,5.09,4.98,4.99,4206795
2013-03-29,5.04,5.04,4.95,4.96,2521093
2013-04-01,4.90,5.00,4.89,4.97,2868129
2013-04-02,4.95,5.02,4.92,4.94,3237247
2013-04-03,4.97,4.98,4.91,4.94,2635615
2013-04-08,4.90,4.95,4.85,4.92,3196137
2013-04-09,4.92,5.07,4.92,5.02,4791777
2013-04-10,5.07,5.41,5.02,5.20,13189001
2013-04-11,5.20,5.22,5.03,5.07,7958872
2013-04-12,5.05,5.10,5.01,5.06,3324687
2013-04-15,4.98,5.05,4.93,4.95,3690401
2013-04-16,4.93,5.04,4.86,4.99,3956456
2013-04-17,5.01,5.02,4.94,5.00,3576431
2013-04-18,4.94,5.04,4.90,4.95,2905131
2013-04-19,4.95,5.07,4.95,5.05,5234901
2013-04-22,5.02,5.09,5.01,5.06,3317661
2013-04-23,5.06,5.07,4.93,4.97,3846281
2013-04-24,4.96,5.03,4.92,5.00,2961963
2013-04-25,4.99,5.05,4.90,4.95,4908673
2013-04-26,4.99,5.02,4.93,4.93,3393552
2013-05-02,4.87,4.90,4.69,4.73,5383257
2013-05-03,4.77,4.86,4.75,4.78,3613620
2013-05-06,4.83,4.93,4.83,4.89,5393919
2013-05-07,4.90,4.97,4.81,4.90,4445896
2013-05-08,4.95,4.98,4.86,4.90,4119555
2013-05-09,4.89,4.94,4.82,4.85,3997941
2013-05-10,4.84,4.93,4.82,4.91,4296582
2013-05-13,4.90,5.04,4.86,5.01,6099538
2013-05-14,5.00,5.51,4.95,5.47,29748484
2013-05-15,5.30,5.48,5.12,5.24,37339792
2013-05-16,5.19,5.28,5.04,5.24,13666287
2013-05-17,5.18,5.38,5.07,5.21,20788996
2013-05-20,5.19,5.29,5.16,5.27,18105754
2013-05-21,5.27,5.36,5.22,5.29,10860106
2013-05-22,5.25,5.50,5.19,5.29,23838560
2013-05-23,5.24,5.27,5.10,5.11,11956966
2013-05-24,5.12,5.20,5.10,5.13,8853221
2013-05-27,5.12,5.15,5.06,5.09,7941505
2013-05-28,5.08,5.19,5.01,5.17,11801365
2013-05-29,5.16,5.17,5.11,5.12,7242367
2013-05-30,5.12,5.15,5.08,5.09,7074873
2013-05-31,5.13,5.16,5.03,5.04,8453844
2013-06-03,5.04,5.08,5.02,5.04,5480796
2013-06-04,5.04,5.06,4.95,4.97,7413608
2013-06-05,4.98,5.03,4.95,4.99,6475336
2013-06-06,4.99,5.01,4.88,4.88,6292459
2013-06-07,4.90,4.92,4.75,4.77,6451712
2013-06-13,4.70,4.74,4.52,4.54,7570856
2013-06-14,4.57,4.61,4.54,4.55,4237169
2013-06-17,4.57,4.62,4.52,4.57,3821376
2013-06-18,4.58,4.59,4.52,4.56,3426811
2013-06-19,4.53,4.54,4.41,4.53,4918843
2013-06-20,4.52,4.52,4.36,4.38,3790566
2013-06-21,4.29,4.38,4.26,4.30,5052128
2013-06-24,4.30,4.30,3.95,3.96,6092394
2013-06-25,3.96,4.01,3.56,3.80,9720638
2013-06-26,3.83,3.86,3.65,3.74,12117764
2013-06-27,3.73,3.85,3.71,3.71,6721940
2013-06-28,3.70,3.81,3.65,3.72,6375100
2013-07-01,3.72,3.78,3.69,3.76,6712668
2013-07-02,3.78,3.78,3.69,3.74,4521439
2013-07-03,3.74,3.75,3.63,3.67,5495183
2013-07-04,3.67,3.83,3.60,3.76,7139120
2013-07-05,3.73,3.86,3.71,3.79,7796667
2013-07-08,3.73,3.73,3.60,3.62,4912681
2013-07-09,3.62,3.76,3.60,3.68,4525132
2013-07-10,3.65,3.80,3.65,3.80,6730619
2013-07-11,3.79,3.98,3.79,3.92,11107841
2013-07-12,3.91,3.94,3.80,3.81,5356388
2013-07-15,3.81,3.92,3.80,3.87,7520013
2013-07-16,3.85,3.88,3.82,3.88,4691653
2013-07-17,3.87,3.92,3.83,3.84,4047032
2013-07-18,3.82,3.84,3.73,3.74,4631729
2013-07-19,3.77,3.77,3.57,3.59,6796225
2013-07-22,3.61,3.63,3.57,3.63,3113118
2013-07-23,3.64,3.76,3.61,3.73,5693301
2013-07-24,3.73,3.75,3.62,3.68,5069112
2013-07-25,3.69,3.72,3.64,3.66,3890135
2013-07-26,3.64,3.71,3.60,3.63,3380805
2013-07-29,3.61,3.66,3.52,3.53,4098612
2013-07-30,3.55,3.62,3.52,3.58,3100141
2013-07-31,3.60,3.65,3.54,3.56,3079906
2013-08-01,3.57,3.66,3.57,3.63,3533141
2013-08-02,3.67,3.78,3.63,3.67,7865664
2013-08-05,3.65,3.72,3.64,3.70,4431187
2013-08-06,3.67,3.77,3.65,3.75,6254710
2013-08-07,3.74,3.80,3.72,3.74,5597195
2013-08-08,3.76,3.81,3.72,3.76,5237793
2013-08-09,3.79,3.93,3.76,3.88,15814760
2013-08-12,3.89,4.05,3.85,4.04,16952112
2013-08-13,4.03,4.12,4.00,4.02,10971109
2013-08-14,4.02,4.05,3.90,3.95,10361570
2013-08-15,3.94,3.99,3.90,3.91,5380096
2013-08-16,3.90,4.04,3.84,3.86,7974790
2013-08-19,3.86,3.93,3.76,3.89,6809924
2013-08-20,3.86,3.91,3.79,3.82,6051326
2013-08-21,3.86,3.87,3.80,3.84,3090442
2013-08-22,3.84,3.87,3.80,3.82,4784100
2013-08-23,3.82,3.88,3.73,3.79,5579263
2013-08-26,3.80,3.87,3.79,3.87,4879988
2013-08-27,3.86,3.90,3.84,3.89,4448117
2013-08-28,3.86,3.94,3.84,3.91,9735415
2013-08-29,3.91,3.91,3.80,3.85,6241117
2013-08-30,3.82,3.85,3.77,3.80,6124804
2013-09-02,3.80,3.82,3.74,3.81,6364002
2013-09-03,3.82,3.86,3.80,3.86,5694666
2013-09-04,3.85,3.90,3.82,3.89,7769021
2013-09-05,3.86,3.91,3.81,3.91,7182693
2013-09-06,4.00,4.02,3.89,3.90,10274139
2013-09-09,3.90,4.08,3.86,4.01,15167502
2013-09-10,4.00,4.07,3.97,4.06,19924896
2013-09-11,4.13,4.37,4.08,4.16,28055960
2013-09-12,4.10,4.19,4.03,4.15,15314456
2013-09-13,4.13,4.13,4.04,4.05,7184015
2013-09-16,4.05,4.08,3.99,4.01,6543902
2013-09-17,4.01,4.01,3.90,3.91,6916560
2013-09-18,3.93,3.93,3.84,3.92,4773348
2013-09-23,3.92,4.00,3.92,3.97,5298631
2013-09-24,3.97,3.97,3.90,3.91,5490544
2013-09-25,3.90,4.17,3.88,4.15,25659520
2013-09-26,4.06,4.12,3.97,3.98,13753541
2013-09-27,3.98,4.30,3.97,4.21,30177380
2013-09-30,4.25,4.25,4.06,4.16,14826362
2013-10-08,4.11,4.22,4.05,4.16,10852880
2013-10-09,4.15,4.20,4.10,4.13,7655772
2013-10-10,4.13,4.34,4.07,4.24,17342654
2013-10-11,4.24,4.38,4.18,4.30,17853040
2013-10-14,4.26,4.36,4.20,4.23,10262741
2013-10-15,4.22,4.32,4.17,4.20,7640679
2013-10-16,4.19,4.20,4.08,4.10,7622738
2013-10-17,4.10,4.27,4.09,4.17,8908047
2013-10-18,4.14,4.22,4.11,4.13,6576873
2013-10-21,4.14,4.20,4.05,4.15,7358760
2013-10-22,4.14,4.19,4.09,4.15,8230079
2013-10-23,4.16,4.27,4.12,4.13,8601171
2013-10-24,4.12,4.12,4.01,4.02,6371894
2013-10-25,4.02,4.05,3.92,3.93,4678272
2013-10-28,3.95,4.02,3.94,3.95,3306393
2013-10-29,3.98,4.01,3.82,3.86,6249498
2013-10-30,3.89,3.99,3.86,3.94,4869957
2013-10-31,3.94,3.98,3.90,3.95,3756317
2013-11-01,3.95,3.98,3.92,3.96,2529130
2013-11-04,3.96,3.97,3.90,3.91,3402667
2013-11-05,3.91,3.92,3.84,3.89,3416081
2013-11-06,3.87,3.94,3.85,3.87,4102331
2013-11-07,3.87,3.90,3.84,3.85,2720379
2013-11-08,3.85,3.87,3.77,3.78,3105907
2013-11-11,3.79,3.80,3.72,3.76,3390516
2013-11-12,3.76,3.79,3.74,3.77,2958767
2013-11-13,3.74,3.76,3.66,3.67,4245702
2013-11-14,3.69,3.71,3.65,3.68,2437332
2013-11-15,3.68,3.79,3.68,3.77,4892315
2013-11-18,3.76,3.84,3.76,3.83,5058821
2013-11-19,3.83,3.87,3.80,3.84,4296901
2013-11-20,3.87,3.88,3.81,3.85,3636206
2013-11-21,3.82,3.85,3.78,3.84,4789293
2013-11-22,3.84,3.86,3.78,3.80,3951549
2013-11-25,3.79,3.84,3.78,3.79,3032841
2013-11-26,3.79,3.81,3.75,3.75,3419905
2013-11-27,3.76,3.79,3.73,3.77,4483106
2013-11-28,3.78,3.91,3.76,3.86,10964632
2013-11-29,3.84,3.86,3.81,3.83,5426398
2013-12-02,3.80,3.85,3.70,3.73,9635301
2013-12-03,3.72,3.79,3.72,3.76,4163747
2013-12-04,3.78,3.84,3.76,3.83,7489148
2013-12-05,3.84,3.85,3.81,3.82,4083941
2013-12-06,3.83,3.85,3.81,3.84,4471727
2013-12-09,3.84,3.87,3.81,3.83,3530031
2013-12-10,3.83,3.84,3.77,3.79,5123580
2013-12-11,3.76,3.77,3.70,3.72,6205043
2013-12-12,3.72,3.73,3.66,3.70,5762949
2013-12-13,3.67,3.72,3.65,3.66,7251422
2013-12-16,3.68,3.68,3.58,3.58,7074981
2013-12-17,3.60,3.60,3.54,3.55,4248379
2013-12-18,3.56,3.58,3.54,3.55,3394680
2013-12-19,3.56,3.60,3.54,3.55,3618604
2013-12-20,3.55,3.56,3.44,3.44,6154795
2013-12-23,3.46,3.47,3.39,3.46,3161580
2013-12-24,3.46,3.48,3.42,3.44,3250936
2013-12-25,3.44,3.45,3.41,3.45,4016293
2013-12-26,3.45,3.45,3.33,3.35,4710485
2013-12-27,3.36,3.40,3.35,3.38,3011149
2013-12-30,3.40,3.41,3.35,3.35,2552500
2013-12-31,3.34,3.42,3.34,3.40,2507426
2014-01-02,3.39,3.41,3.36,3.38,1985725
2014-01-03,3.38,3.39,3.34,3.36,2900440
2014-01-06,3.35,3.36,3.20,3.22,4623950
2014-01-07,3.22,3.23,3.16,3.19,5256960
2014-01-08,3.20,3.22,3.12,3.15,3452905
2014-01-09,3.14,3.15,3.03,3.05,5826546
2014-01-10,3.05,3.20,3.03,3.12,7737026
2014-01-13,3.15,3.36,3.14,3.29,12406540
2014-01-14,3.27,3.27,3.14,3.20,6652522
2014-01-15,3.20,3.21,3.10,3.13,4886352
2014-01-16,3.12,3.22,3.12,3.19,5060769
2014-01-17,3.18,3.18,3.11,3.12,3613095
2014-01-20,3.11,3.13,3.06,3.08,2506972
2014-01-21,3.08,3.11,3.07,3.09,2098007
2014-01-22,3.09,3.17,3.09,3.17,3210213
2014-01-23,3.17,3.21,3.14,3.18,4460463
2014-01-24,3.16,3.23,3.16,3.21,3794443
2014-01-27,3.20,3.20,3.13,3.14,3272677
2014-01-28,3.14,3.19,3.14,3.17,2145701
2014-01-29,3.18,3.23,3.18,3.21,2978469
2014-01-30,3.20,3.21,3.18,3.19,2032867
2014-02-07,3.16,3.19,3.13,3.18,1949904
2014-02-10,3.17,3.26,3.17,3.25,4434780
2014-02-11,3.25,3.48,3.23,3.46,15059452
2014-02-12,3.47,3.47,3.35,3.39,11360554
2014-02-13,3.37,3.44,3.35,3.36,6459085
2014-02-14,3.34,3.40,3.34,3.37,3478772
2014-02-17,3.38,3.41,3.37,3.40,5213022
2014-02-18,3.40,3.42,3.33,3.35,4871019
2014-02-19,3.35,3.40,3.33,3.37,4278143
2014-02-20,3.39,3.60,3.35,3.41,15213951
2014-02-21,3.38,3.47,3.34,3.35,8076253
2014-02-24,3.35,3.35,3.21,3.27,5545869
2014-02-25,3.26,3.28,3.15,3.18,5292759
2014-02-26,3.18,3.28,3.15,3.27,5061218
2014-02-27,3.27,3.27,3.21,3.22,3415031
2014-02-28,3.21,3.32,3.21,3.27,3592958
2014-03-03,3.28,3.37,3.24,3.33,7057260
2014-03-04,3.31,3.32,3.25,3.30,4453871
2014-03-05,3.32,3.37,3.30,3.30,4625405
2014-03-06,3.28,3.33,3.22,3.29,3926088
2014-03-07,3.30,3.36,3.27,3.30,3396813
2014-03-10,3.27,3.27,3.11,3.12,5824918
2014-03-11,3.13,3.15,3.09,3.14,2929568
2014-03-12,3.14,3.19,3.12,3.16,2515344
2014-03-13,3.16,3.20,3.14,3.16,3782293
2014-03-14,3.17,3.17,3.12,3.15,2288708
2014-03-17,3.16,3.20,3.15,3.19,3029927
2014-03-18,3.18,3.20,3.16,3.18,3528554
2014-03-19,3.18,3.18,3.12,3.17,3673073
2014-03-20,3.16,3.19,3.12,3.12,3548769
2014-03-21,3.11,3.22,3.10,3.20,4771982
2014-03-24,3.21,3.28,3.18,3.25,6707887
2014-03-25,3.24,3.46,3.22,3.32,13371997
2014-03-26,3.29,3.31,3.22,3.25,8180767
2014-03-27,3.23,3.27,3.22,3.22,4031260
2014-03-28,3.20,3.43,3.20,3.30,13927982
2014-03-31,3.28,3.30,3.23,3.25,6534455
2014-04-01,3.25,3.32,3.22,3.29,5426002
2014-04-02,3.29,3.39,3.28,3.39,11700899
2014-04-03,3.51,3.73,3.50,3.73,72501392
2014-04-04,3.70,3.98,3.65,3.91,58520144
2014-04-08,3.88,4.04,3.77,3.89,52707864
2014-04-09,3.88,3.90,3.79,3.84,30890602
2014-04-10,3.85,3.87,3.73,3.76,31748392
2014-04-11,3.76,3.78,3.64,3.71,28425730
2014-04-14,3.70,3.73,3.65,3.73,24340868
2014-04-15,3.66,3.70,3.56,3.63,28554726
2014-04-16,3.63,3.64,3.56,3.59,14272760
2014-04-17,3.61,3.61,3.50,3.58,16591010
2014-04-18,3.56,3.59,3.54,3.57,9051267
2014-04-21,3.52,3.59,3.46,3.46,11122009
2014-04-22,3.45,3.47,3.41,3.47,12454885
2014-04-23,3.45,3.55,3.45,3.50,16194565
2014-04-24,3.50,3.55,3.48,3.49,9693064
2014-04-25,3.49,3.49,3.37,3.37,10952032
2014-04-28,3.36,3.37,3.22,3.23,9660760
2014-04-29,3.22,3.27,3.21,3.26,5764082
2014-04-30,3.27,3.30,3.24,3.25,4963894
2014-07-28,3.58,3.58,3.58,3.58,649725
2014-07-29,3.94,3.94,3.94,3.94,1226917
2014-07-30,4.33,4.33,4.33,4.33,7358885
2014-07-31,4.76,4.76,4.76,4.76,8377698
2014-08-01,5.10,5.24,4.81,5.24,131911056
2014-08-04,5.38,5.47,4.97,5.36,134631456
2014-08-05,5.27,5.28,5.09,5.16,80114976
2014-08-06,5.06,5.65,5.00,5.37,104504672
2014-08-07,5.20,5.25,5.05,5.07,64607184
2014-08-08,5.02,5.14,5.00,5.03,27702926
2014-08-11,5.05,5.22,5.02,5.16,36904140
2014-08-12,5.13,5.21,5.02,5.13,36814352
2014-08-13,5.14,5.17,5.00,5.06,32384596
2014-08-14,5.01,5.03,4.88,4.88,36176856
2014-08-15,4.87,4.96,4.83,4.88,17808124
2014-08-18,4.90,5.02,4.87,4.98,24595902
2014-08-19,4.97,5.01,4.91,5.00,20644394
2014-08-20,5.01,5.02,4.91,4.93,16138577
2014-08-21,5.09,5.25,5.05,5.08,54357280
2014-08-22,4.99,5.06,4.81,4.98,29578548
2014-08-25,4.94,4.98,4.84,4.84,19497658
2014-08-26,4.86,4.88,4.74,4.77,15228829
2014-08-27,4.80,4.81,4.74,4.75,8913154
2014-08-28,4.74,4.87,4.73,4.79,12691386
2014-08-29,4.77,4.81,4.64,4.79,10880595
2014-09-01,4.77,4.95,4.74,4.93,17926698
2014-09-02,4.93,5.16,4.91,5.13,36159352
2014-09-03,5.15,5.23,5.05,5.09,28252588
2014-09-04,5.06,5.07,4.97,5.04,18665968
2014-09-05,5.06,5.13,5.00,5.06,19884180
2014-09-26,5.08,5.42,5.08,5.16,45676776
2014-09-29,5.18,5.23,5.08,5.17,30184796
2014-09-30,5.17,5.23,5.17,5.19,18407644
2014-10-08,5.24,5.25,5.09,5.13,18502926
2014-10-09,5.15,5.17,5.04,5.15,29835910
2014-10-10,5.11,5.11,5.05,5.06,13763371
2014-10-13,5.05,5.09,5.02,5.06,12269576
2014-10-14,5.07,5.08,5.00,5.03,10087995
2014-10-15,5.02,5.03,4.87,4.93,18142932
2014-10-16,4.90,4.90,4.65,4.67,25661248
2014-10-17,4.69,4.77,4.58,4.70,19453888
2014-10-20,4.72,4.93,4.71,4.90,18897452
2014-10-21,4.90,4.92,4.82,4.85,8697830
2014-10-22,4.84,4.90,4.74,4.75,7550905
2014-10-23,4.75,4.75,4.49,4.53,15344624
2014-10-24,4.52,4.62,4.52,4.59,7229044
2014-10-27,4.59,4.63,4.55,4.58,6923270
2014-10-28,4.58,4.70,4.58,4.69,6289904
2014-10-29,4.75,4.89,4.71,4.78,16598188
2014-10-30,4.77,4.92,4.72,4.90,21297202
2014-10-31,4.90,4.90,4.81,4.88,15288362
2014-11-03,4.90,4.97,4.87,4.90,13841719
2014-11-04,4.92,5.38,4.90,5.29,71008512
2014-11-05,5.11,5.26,5.09,5.14,26929264
2014-11-06,5.10,5.24,5.00,5.16,25846584
2014-11-07,5.16,5.35,5.13,5.15,22853504
2014-11-10,5.17,5.35,5.08,5.25,25659652
2014-11-11,5.20,5.26,4.97,5.04,21525272
2014-11-12,5.00,5.22,4.98,5.12,12397268
2014-11-13,5.12,5.45,5.01,5.40,50599604
2014-11-14,5.30,5.40,5.16,5.22,24113492
2014-11-17,5.23,5.29,5.09,5.12,10792006
2014-11-18,5.09,5.18,5.05,5.13,10134354
2014-11-19,5.10,5.17,5.04,5.08,12089073
2014-11-20,5.10,5.19,5.08,5.14,10897821
2014-11-21,5.11,5.31,5.08,5.22,28367000
2014-11-24,5.28,5.49,5.21,5.39,40681060
2014-11-25,5.36,5.65,5.33,5.60,43989520
2014-11-26,5.60,5.75,5.50,5.51,36457292
2014-11-27,5.49,5.68,5.47,5.53,27625438
2014-11-28,5.52,5.54,5.36,5.50,24838140
2014-12-01,5.48,5.64,5.33,5.41,29821612
2014-12-02,5.46,5.46,5.33,5.39,31204208
2014-12-03,5.35,5.76,5.30,5.66,63589320
2014-12-04,5.67,5.85,5.63,5.79,53727564
2014-12-05,5.80,5.85,5.35,5.52,42939988
2014-12-08,5.40,5.70,5.33,5.52,41377632
2014-12-09,5.50,5.72,5.13,5.15,56719696
2014-12-10,5.13,5.29,5.08,5.29,20194782
2014-12-11,5.29,5.47,5.22,5.45,26246612
2014-12-12,5.45,5.70,5.45,5.64,37434840
2014-12-15,5.65,5.68,5.50,5.65,18366876
2014-12-16,5.65,5.75,5.58,5.67,21583920
2014-12-17,5.64,5.67,5.35,5.47,32186742
2014-12-18,5.47,5.75,5.43,5.57,30575392
2014-12-19,5.56,6.10,5.50,5.88,67635968
2014-12-22,5.97,6.30,5.71,6.01,64725628
2014-12-23,5.89,5.98,5.48,5.52,31456578
2014-12-24,5.51,5.61,5.42,5.52,18693006
2014-12-25,5.49,5.64,5.42,5.63,17868976
2014-12-26,5.64,5.75,5.54,5.71,20467616
2014-12-29,5.71,5.97,5.55,5.68,31521132
2014-12-30,5.61,5.74,5.53,5.55,17790504
2014-12-31,5.52,5.60,5.32,5.52,20117032
2015-01-05,5.50,5.90,5.48,5.90,50792272
2015-01-06,5.89,6.16,5.80,5.86,57370712
2015-01-07,5.80,6.36,5.76,6.26,66484884
2015-01-08,6.20,6.46,6.01,6.26,57324552
2015-01-09,6.50,6.89,6.21,6.21,73726128
2015-01-12,6.06,6.20,5.86,6.02,37366520
2015-01-13,5.96,6.06,5.88,5.96,17017556
2015-01-14,5.94,5.95,5.65,5.71,31298336
2015-01-15,5.68,5.79,5.59,5.77,18385878
2015-01-16,5.88,6.05,5.83,5.86,21448620
2015-01-19,5.69,5.94,5.30,5.48,26893570
2015-01-20,5.48,5.68,5.48,5.63,16154164
2015-01-21,5.62,5.83,5.58,5.80,15448316
2015-01-22,5.76,6.38,5.76,6.38,81026616
2015-01-23,6.44,6.80,6.28,6.53,100926168
2015-01-26,6.40,6.81,6.38,6.75,57563388
2015-01-27,6.72,7.00,6.52,6.73,56187416
2015-01-28,6.71,6.73,6.45,6.58,29867446
2015-01-29,6.50,6.60,6.37,6.53,20564698
2015-01-30,6.49,6.57,6.30,6.32,22560038
2015-02-02,6.14,6.27,6.01,6.09,22740680
2015-02-03,6.18,6.37,6.04,6.37,25488560
2015-02-04,6.50,6.99,6.45,6.59,48116232
2015-02-05,6.70,6.81,6.38,6.41,25145572
2015-02-06,6.20,6.52,6.11,6.20,22822532
2015-02-09,6.24,6.34,6.10,6.30,13542609
2015-02-10,6.29,6.47,6.21,6.41,11982354
2015-02-11,6.43,6.47,6.26,6.46,21949632
2015-02-12,6.45,6.56,6.31,6.49,13524997
2015-02-13,6.51,6.85,6.47,6.72,33684472
2015-02-16,6.65,6.87,6.65,6.80,17358800
2015-02-17,6.85,6.85,6.71,6.71,14575860
2015-02-25,6.70,6.75,6.53,6.63,11532289
2015-02-26,6.64,7.29,6.61,7.29,49700520
2015-02-27,7.30,7.72,7.29,7.50,70640856
2015-03-02,7.49,8.25,7.40,8.03,71236288
2015-03-03,7.99,8.53,7.80,8.10,65571036
2015-03-04,8.06,8.15,7.77,7.91,40075336
2015-03-05,7.87,8.08,7.70,7.94,28062672
2015-03-06,7.90,8.67,7.66,8.27,64640412
2015-03-09,8.17,8.52,8.06,8.10,45673680
2015-03-10,8.10,8.35,8.07,8.17,24351524
2015-03-11,8.11,8.27,8.03,8.07,19127376
2015-03-12,8.12,8.32,7.53,7.78,41596288
2015-03-13,7.78,7.95,7.65,7.84,20864958
2015-03-16,7.88,8.06,7.72,7.94,29722808
2015-03-17,7.96,8.27,7.90,8.25,49074392
2015-03-18,8.15,8.42,8.12,8.40,37600796
2015-03-19,8.51,9.24,8.51,8.94,68417024
2015-03-20,8.85,9.16,8.70,9.10,37822840
2015-03-23,9.10,10.00,9.07,9.60,59985336
2015-03-24,9.56,9.73,8.90,9.38,48074792
2015-03-25,9.30,9.30,8.98,9.06,35830500
2015-03-26,9.06,9.23,8.83,9.01,28404724
2015-03-27,9.05,9.25,8.95,9.20,28797928
2015-03-30,9.23,9.28,9.04,9.17,40275540
2015-03-31,9.19,9.21,9.00,9.01,29759780
2015-04-01,9.01,9.14,8.93,9.08,22074620
2015-04-02,9.10,9.50,9.00,9.46,48305828
2015-04-03,9.40,9.65,9.28,9.53,45497876
2015-04-07,9.59,10.48,9.59,10.48,83295392
2015-04-08,10.90,10.90,10.12,10.38,101725624
2015-04-09,10.44,10.50,9.50,9.85,85304600
2015-04-10,9.69,10.17,9.50,9.91,48238620
2015-04-13,9.91,10.08,9.60,9.94,52449824
2015-04-14,9.89,9.89,9.65,9.74,39141404
2015-04-15,9.66,9.98,9.44,9.85,57572456
2015-04-16,9.78,10.01,9.53,9.96,55294104
2015-04-17,9.98,10.45,9.97,10.08,84711432
2015-04-20,10.13,10.39,9.68,9.71,76714704
2015-04-21,9.60,9.77,9.24,9.71,77274808
2015-04-22,9.75,10.11,9.71,10.05,68535848
2015-04-23,10.06,10.80,9.95,10.46,115081632
2015-04-24,10.20,10.46,9.97,10.02,69342288
2015-04-27,10.09,10.15,9.75,9.91,68692216
2015-04-28,9.89,9.89,9.31,9.33,60911876
2015-04-29,9.25,9.68,9.21,9.47,42238992
2015-04-30,9.52,9.65,9.23,9.37,36540960
2015-05-04,9.36,9.45,9.28,9.36,27595292
2015-05-05,9.42,9.70,9.00,9.17,52617728
2015-05-06,9.17,9.35,8.60,8.84,28275136
2015-05-07,8.75,8.83,8.15,8.18,35464168
2015-05-08,8.21,8.40,8.15,8.40,26559294
2015-05-11,8.54,8.80,8.46,8.79,32198546
2015-05-12,8.83,8.84,8.60,8.81,33529914
2015-05-13,8.76,9.05,8.64,8.96,39493832
2015-05-14,8.95,9.70,8.87,9.58,69853216
2015-05-15,9.50,9.70,9.07,9.09,56476184
2015-05-18,8.98,8.98,8.58,8.68,34028208
2015-05-19,8.67,9.02,8.62,8.91,28229568
2015-05-20,8.90,9.33,8.82,8.95,40727536
2015-05-21,8.97,9.04,8.79,8.98,31550810
2015-05-22,9.06,9.36,9.01,9.30,57448744
2015-05-25,9.32,9.75,9.31,9.58,65582512
2015-05-26,9.67,9.73,9.42,9.69,71196888
2015-05-27,9.76,9.95,9.38,9.91,87023904
2015-05-28,9.79,10.25,9.49,9.50,107127160
2015-05-29,9.36,9.62,8.56,9.08,59291828
2015-06-01,9.00,9.50,8.95,9.50,49714504
2015-06-02,9.49,9.86,9.39,9.70,62514440
2015-06-03,9.86,10.23,9.70,9.94,76758480
2015-06-04,9.94,9.97,9.23,9.87,63160800
2015-06-05,10.05,10.80,9.91,10.41,134368432
2015-06-08,10.50,10.75,10.14,10.60,121456544
2015-06-09,10.70,10.74,10.18,10.45,78748712
2015-06-10,10.25,10.46,9.92,10.27,57173536
2015-06-11,10.27,10.56,10.10,10.54,67793752
2015-06-12,10.62,10.98,10.47,10.88,106921568
2015-06-15,10.92,11.04,10.31,10.37,72741584
2015-06-16,10.30,10.37,9.74,9.99,53117832
2015-06-17,9.99,10.99,9.91,10.99,95866672
2015-06-18,10.99,11.40,10.61,10.65,122000656
2015-06-19,9.92,10.36,9.59,9.59,63316592
2015-06-23,9.59,9.78,8.63,9.35,53315300
2015-06-24,9.49,9.85,9.36,9.82,57523336
2015-06-25,9.76,9.79,8.93,9.08,52360608
2015-06-26,8.80,9.28,8.17,8.17,65526400
2015-06-29,8.46,8.56,7.35,7.70,62426816
2015-06-30,7.63,8.30,7.00,8.22,51428352
2015-07-01,8.10,8.35,7.47,7.56,40573988
2015-07-02,7.70,7.77,6.80,6.80,40592452
2015-07-03,6.68,6.95,6.12,6.12,43291368
2015-07-06,6.72,6.72,5.51,5.68,57366040
2015-07-07,5.48,5.52,5.11,5.11,32689920
2015-07-16,5.62,5.62,5.11,5.62,51551108
2015-07-17,5.63,6.18,5.61,6.18,70507088
2015-07-20,6.30,6.53,6.15,6.32,69975384
2015-07-21,6.20,6.48,6.10,6.39,53788832
2015-07-22,6.40,6.51,6.16,6.41,56443116
2015-07-23,6.40,6.92,6.35,6.79,69019944
2015-07-24,6.77,7.07,6.53,6.69,77322032
2015-07-27,6.45,6.64,6.02,6.02,53345444
2015-07-28,5.62,6.05,5.42,5.80,48391732
2015-07-29,5.90,6.16,5.67,6.10,32070084
2015-07-30,6.04,6.31,5.90,5.93,40717328
2015-07-31,5.89,6.01,5.72,5.90,21696690
2015-08-03,5.87,5.89,5.42,5.67,22758400
2015-08-04,5.68,6.04,5.68,6.04,26046680
2015-08-05,6.05,6.13,5.91,5.95,29372400
2015-08-06,5.81,5.98,5.76,5.87,18453060
2015-08-07,5.93,6.14,5.90,6.07,28738284
2015-08-10,6.14,6.64,6.09,6.47,53086888
2015-08-11,6.44,6.65,6.36,6.51,62126680
2015-08-12,6.41,6.55,6.36,6.36,32735636
2015-08-13,6.33,6.57,6.32,6.57,44557884
2015-08-14,6.55,6.84,6.55,6.62,49530276
2015-08-17,6.61,6.89,6.57,6.89,46337184
2015-08-18,6.97,7.19,6.20,6.20,62304328
2015-08-19,6.03,6.65,5.84,6.50,48780236
2015-08-20,6.40,6.76,6.32,6.37,40124172
2015-08-21,6.25,6.45,5.94,5.97,30669056
2015-08-24,5.74,5.76,5.37,5.37,29772672
2015-08-25,4.85,5.03,4.83,4.83,24723142
2015-08-26,4.85,5.05,4.46,4.61,35401704
2015-08-27,4.65,4.83,4.49,4.80,30263272
2015-08-28,4.87,5.19,4.82,5.19,34814848
2015-08-31,5.08,5.14,4.92,4.95,21541164
2015-09-01,4.98,5.05,4.67,4.68,22662532
2015-09-02,4.46,4.75,4.33,4.45,19973600
2015-09-07,4.51,4.78,4.50,4.63,28563596
2015-09-08,4.60,4.82,4.54,4.80,30864760
2015-09-09,4.84,5.05,4.78,4.99,33342640
2015-09-10,4.87,4.96,4.80,4.83,20063528
2015-09-11,4.83,4.93,4.75,4.83,15117976
2015-09-14,4.84,4.88,4.35,4.35,31584666
2015-09-15,4.30,4.35,3.92,3.94,23592900
2015-09-16,3.99,4.33,3.98,4.33,22996244
2015-09-17,4.32,4.54,4.25,4.25,29067726
2015-09-18,4.26,4.33,4.20,4.29,14637714
2015-09-21,4.24,4.42,4.21,4.40,14541024
2015-09-22,4.44,4.84,4.39,4.84,38259852
2015-09-23,4.66,4.78,4.55,4.60,35975072
2015-09-24,4.66,4.88,4.64,4.78,51474220
2015-09-25,4.68,4.72,4.39,4.46,30089164
2015-09-28,4.43,4.50,4.36,4.48,20515788
2015-09-29,4.38,4.40,4.23,4.27,18357368
2015-09-30,4.30,4.35,4.27,4.30,10992306
2015-10-08,4.46,4.55,4.40,4.46,20761912
2015-10-09,4.47,4.88,4.45,4.74,43043968
2015-10-12,4.76,5.05,4.71,4.97,52650680
2015-10-13,4.89,4.97,4.80,4.92,38900124
2015-10-14,4.92,5.08,4.87,4.90,38526964
2015-10-15,4.83,5.02,4.79,5.02,37517828
2015-10-16,5.00,5.07,4.92,5.04,44013744
2015-10-19,5.03,5.28,4.96,5.13,65955968
2015-10-20,5.05,5.09,4.97,5.08,40376132
2015-10-21,5.05,5.08,4.58,4.62,42270328
2015-10-22,4.62,4.83,4.61,4.80,30038302
2015-10-23,4.84,4.96,4.81,4.91,32266316
2015-10-26,5.01,5.12,4.90,5.04,37825348
2015-10-27,4.98,5.03,4.78,5.01,33138484
2015-10-28,4.96,5.51,4.92,5.50,102856144
2015-10-29,5.38,5.40,5.22,5.30,94038488
2015-10-30,5.24,5.33,5.14,5.22,54550408
2015-11-02,5.11,5.26,4.99,5.04,30611094
2015-11-03,5.05,5.20,5.04,5.10,28129172
2015-11-04,5.08,5.47,5.08,5.43,54511660
2015-11-05,5.40,5.72,5.31,5.43,85920280
2015-11-06,5.40,5.59,5.37,5.52,49524868
2015-11-09,5.42,5.84,5.42,5.59,57031044
2015-11-10,5.53,5.95,5.50,5.83,82773768
2015-11-11,5.76,5.78,5.65,5.72,46603560
2015-11-12,5.72,5.93,5.65,5.74,44377484
2015-11-13,5.79,5.94,5.60,5.69,49517712
2015-11-16,5.55,5.67,5.45,5.65,21842976
2015-11-17,5.77,5.77,5.50,5.53,33763936
2015-11-18,5.51,5.59,5.46,5.47,18479658
2015-11-19,5.47,5.58,5.47,5.56,14292434
2015-11-20,5.57,5.72,5.53,5.62,27572676
2015-11-23,5.59,5.60,5.49,5.50,28533242
2015-11-24,5.51,5.52,5.36,5.44,20556922
2015-11-25,5.46,5.53,5.43,5.46,32125360
2015-11-26,5.59,6.01,5.52,5.89,151317792
2015-11-27,5.81,6.26,5.59,5.69,134297616
2015-11-30,5.62,6.09,5.50,6.09,77510744
2015-12-01,5.98,6.19,5.72,6.11,72932328
2015-12-02,6.09,6.72,5.97,6.45,97785520
2015-12-03,6.29,6.52,6.15,6.36,53992600
2015-12-04,6.41,6.48,6.02,6.11,50340944
2015-12-07,6.11,6.38,6.10,6.23,52581964
2015-12-08,6.08,6.55,5.86,6.23,53983900
2015-12-09,6.14,6.34,6.00,6.12,35337480
2015-12-10,6.12,6.27,5.95,5.97,30225100
2015-12-11,5.92,6.39,5.84,6.29,53189688
2015-12-14,6.20,6.92,6.18,6.92,92329248
2015-12-15,7.15,7.50,6.88,7.06,118035792
2015-12-16,7.09,7.77,7.01,7.77,72263856
2015-12-17,7.91,8.15,7.45,7.89,134035856
2015-12-18,7.58,8.11,7.34,7.73,106818680
2015-12-21,7.60,7.88,7.50,7.80,71864856
2015-12-22,7.80,8.55,7.75,8.22,84670560
2015-12-23,8.00,8.18,7.80,7.82,47198940
2015-12-24,7.90,8.20,7.70,7.72,47089428
2015-12-25,7.76,7.79,7.43,7.58,45157792
2015-12-28,7.58,7.62,7.15,7.15,46298704
2015-12-29,7.13,7.39,7.03,7.33,43068612
2015-12-30,7.50,7.57,7.33,7.45,34701060
2015-12-31,7.52,7.52,7.19,7.19,24887132
2016-01-04,7.19,7.42,6.47,6.47,45032288
2016-01-05,5.90,6.94,5.90,6.87,61932520
2016-01-06,6.88,7.56,6.71,7.56,75222864
2016-01-07,7.38,7.56,6.85,6.92,22763900
2016-01-08,7.31,7.61,6.92,7.61,73321928
2016-01-11,7.48,8.19,7.30,7.62,82407936
2016-01-12,7.57,8.03,7.51,7.90,56906784
2016-01-13,7.97,7.99,7.11,7.11,48723764
2016-01-14,6.70,7.39,6.45,7.28,36455816
2016-01-15,7.10,7.79,7.00,7.30,45757268
2016-01-18,6.91,7.34,6.63,7.01,37618896
2016-01-19,6.95,7.18,6.85,7.14,35420792
2016-01-20,7.16,7.16,6.48,6.63,66502856
2016-01-21,6.30,6.59,5.99,5.99,43974248
2016-01-22,5.95,6.12,5.65,6.07,35294696
2016-01-25,6.11,6.65,6.01,6.49,53281060
2016-01-26,6.38,6.51,5.84,5.85,30090572
2016-01-27,5.95,6.10,5.49,6.06,44950080
2016-01-28,5.86,6.03,5.47,5.56,27644972
2016-01-29,5.30,5.87,5.30,5.70,27401340
2016-02-01,5.66,5.82,5.13,5.28,34450332
2016-02-02,5.33,5.59,5.29,5.44,24238420
2016-02-03,5.30,5.50,5.20,5.40,25862944
2016-02-04,5.58,5.94,5.58,5.94,32885236
2016-02-05,6.25,6.43,5.90,5.99,50782420
2016-02-15,5.93,6.29,5.90,6.18,33844192
2016-02-16,6.13,6.45,6.00,6.40,42513612
2016-02-17,6.34,6.38,6.18,6.30,28601778
2016-02-18,6.31,6.68,6.26,6.40,40710020
2016-02-19,6.34,6.58,6.28,6.37,18724584
2016-02-22,6.55,7.01,6.48,6.76,52574840
2016-02-23,6.76,7.44,6.72,7.17,84011104
2016-02-24,7.13,7.50,7.00,7.36,54495280
2016-02-25,7.37,7.84,6.77,6.94,62405608
2016-02-26,7.21,7.63,7.03,7.63,58113712
2016-02-29,7.77,8.10,7.40,7.80,102770568
2016-03-01,7.70,8.08,7.31,7.68,70974736
2016-03-02,7.48,8.38,7.40,8.28,87399952
2016-03-03,8.20,8.68,7.90,8.08,82566512
2016-03-04,8.07,8.40,7.58,7.88,58906640
2016-03-07,8.10,8.35,7.72,8.02,56102044
2016-03-08,8.10,8.15,7.40,7.71,72698256
2016-03-09,7.25,7.26,6.94,6.94,79137336
2016-03-10,7.00,7.04,6.70,6.74,43577368
2016-03-11,6.66,6.89,6.51,6.74,33694400
2016-03-14,6.82,7.14,6.82,6.94,50839696
2016-03-15,6.85,7.00,6.66,6.70,29966938
2016-03-16,6.77,6.90,6.60,6.71,26909840
2016-03-17,6.94,7.05,6.86,7.01,39854392
2016-03-18,7.16,7.56,7.16,7.43,56554112
2016-03-21,7.48,7.67,7.27,7.60,53541288
2016-03-22,7.45,7.57,7.32,7.42,42409708
2016-03-23,7.43,7.48,7.21,7.46,38282792
2016-03-24,7.26,7.64,7.18,7.27,40430816
2016-03-25,7.22,7.34,6.89,7.08,41223808
2016-03-28,7.06,7.32,7.02,7.22,35149680
2016-03-29,7.26,7.90,7.19,7.57,76989392
2016-03-30,7.61,8.18,7.60,7.91,62383248
2016-03-31,7.92,8.16,7.60,7.95,54241128
2016-04-01,7.89,8.23,7.81,7.95,48095188
2016-04-05,7.97,8.14,7.66,8.10,36314264
2016-04-06,8.01,8.08,7.77,7.81,46541608
2016-04-07,7.84,7.87,7.55,7.64,25902472
2016-04-08,7.60,7.60,7.25,7.45,35668648
2016-04-11,7.48,8.04,7.48,8.04,52171144
2016-04-12,7.98,8.01,7.74,7.86,35471432
2016-04-13,8.05,8.65,8.05,8.16,71289616
2016-04-14,8.21,8.26,7.93,8.16,35867308
2016-04-15,8.10,8.22,7.95,8.10,28767096
2016-04-18,8.02,8.04,7.68,7.83,31668818
2016-04-19,7.90,8.05,7.80,7.88,21469964
2016-04-20,8.01,8.10,7.49,7.70,36752252
2016-04-21,7.89,8.44,7.81,8.10,85283592
2016-04-22,8.00,8.00,7.71,7.99,34810840
2016-04-25,7.94,8.62,7.87,8.42,58498864
2016-04-26,8.38,8.55,8.09,8.39,32656432
2016-04-27,8.39,8.40,7.97,8.16,36220048
2016-04-28,8.10,8.10,7.73,7.92,33728424
2016-04-29,7.85,7.98,7.79,7.92,21227096
2016-05-03,7.93,8.16,7.85,8.15,29531626
2016-05-04,8.11,8.11,7.90,7.94,23976510
2016-05-05,7.92,7.96,7.80,7.89,19927410
2016-05-06,7.80,7.89,7.20,7.37,52909056
2016-05-09,7.23,7.23,6.63,6.63,48397460
2016-05-10,6.65,6.72,6.29,6.42,43313980
2016-05-11,6.49,6.59,6.42,6.50,26723174
2016-05-12,6.40,6.45,6.11,6.41,28514110
2016-05-13,6.28,6.49,6.23,6.29,20913814
2016-05-16,6.29,6.55,6.27,6.53,25181632
2016-05-17,6.60,6.61,6.45,6.51,23192762
2016-05-18,6.43,6.43,6.10,6.21,20049290
2016-05-19,6.21,6.38,6.18,6.28,14007866
2016-05-20,6.20,6.29,6.12,6.26,15101756
2016-05-23,6.30,6.34,6.23,6.29,16043892
2016-05-24,6.25,6.26,6.06,6.19,21344334
2016-05-25,6.24,6.26,6.11,6.13,11091418
2016-05-26,6.12,6.17,5.81,6.09,22767094
2016-05-27,6.00,6.08,5.92,6.01,19035560
2016-05-30,6.00,6.00,5.86,5.88,13727728
2016-05-31,5.83,6.13,5.83,6.13,32262508
2016-06-01,6.15,6.38,6.10,6.26,31427468
2016-06-02,6.26,6.60,6.21,6.49,37253708
2016-06-03,6.65,7.01,6.53,6.93,67639584
2016-06-06,6.92,7.22,6.71,6.94,45839356
2016-06-07,6.80,6.88,6.68,6.75,26591398
2016-06-08,6.74,6.74,6.43,6.55,28321824
2016-06-13,6.48,6.50,6.10,6.13,41788356
2016-06-14,6.11,6.49,6.11,6.47,39811376
2016-06-15,6.33,6.76,6.30,6.67,43943200
2016-06-16,6.67,6.79,6.55,6.56,29029000
2016-06-17,6.52,6.85,6.50,6.63,42216744
2016-06-20,6.70,6.77,6.46,6.61,22509516
2016-06-21,6.64,6.70,6.37,6.42,23637696
2016-06-22,6.43,6.90,6.42,6.80,42610988
2016-06-23,6.86,6.88,6.65,6.79,29689468
2016-06-24,6.75,6.77,6.24,6.54,30642316
2016-06-27,6.48,6.77,6.48,6.70,28620644
2016-06-28,6.60,6.78,6.52,6.77,23384528
2016-06-29,6.83,6.87,6.59,6.67,34802080
2016-06-30,6.66,6.67,6.50,6.55,24050210
2016-07-01,6.61,6.74,6.56,6.72,40185380
2016-07-04,6.70,7.39,6.68,7.39,101326248
2016-07-05,7.50,7.63,7.28,7.41,75044840
2016-07-06,7.40,7.56,7.18,7.47,50775016
2016-07-07,7.40,7.75,7.37,7.44,51939040
2016-07-08,7.32,7.34,7.17,7.19,37277500
2016-07-11,7.27,7.45,7.23,7.32,46573900
2016-07-12,7.31,7.65,7.26,7.48,50461696
2016-07-13,7.60,7.72,7.40,7.50,48001536
2016-07-14,7.43,7.64,7.35,7.47,33057662
2016-07-15,7.52,7.54,7.14,7.19,62427808
2016-07-18,7.18,7.18,6.94,7.00,55556416
2016-07-19,7.03,7.06,6.86,7.00,40097372
2016-07-20,6.98,7.06,6.89,6.97,42673264
2016-07-21,6.94,7.04,6.91,6.95,29578780
2016-07-22,6.95,6.97,6.70,6.76,39663500
2016-07-25,6.73,6.75,6.61,6.68,33346720
2016-07-26,6.70,6.82,6.66,6.82,25729600
2016-07-27,6.83,6.86,6.32,6.45,48975260
2016-07-28,6.47,6.62,6.34,6.55,25632528
2016-07-29,6.55,6.55,6.40,6.44,18266694
2016-08-01,6.44,6.50,6.24,6.43,26541592
2016-08-02,6.37,6.45,6.32,6.45,17902088
2016-08-03,6.44,6.50,6.39,6.44,12401329
2016-08-04,6.47,6.48,6.37,6.44,13588310
2016-08-05,6.42,6.55,6.38,6.53,22178580
2016-08-08,6.49,6.66,6.42,6.65,27585676
2016-08-09,6.66,6.71,6.60,6.65,23323924
2016-08-10,6.61,6.87,6.61,6.79,33121360
2016-08-11,6.72,6.79,6.61,6.63,30022860
2016-08-12,6.63,6.66,6.52,6.64,20943428
2016-08-15,6.64,6.80,6.63,6.77,26752876
2016-08-16,6.80,6.94,6.78,6.79,33341682
2016-08-17,6.82,6.93,6.77,6.90,28845478
2016-08-18,6.86,6.92,6.80,6.86,20326164
2016-08-19,6.88,6.89,6.66,6.80,19788244
2016-08-22,6.78,6.78,6.66,6.67,14048161
2016-08-23,6.69,6.76,6.67,6.71,8796949
2016-08-24,6.75,6.80,6.71,6.73,8374668
2016-08-25,6.66,6.66,6.49,6.54,24725608
2016-08-26,6.56,6.63,6.52,6.56,16698785
2016-08-29,6.54,6.59,6.53,6.55,11838019
2016-08-30,6.57,6.61,6.52,6.54,9327930
2016-08-31,6.53,6.53,6.45,6.53,10968345
2016-09-01,6.53,6.55,6.45,6.53,15533868
2016-09-02,6.50,6.55,6.47,6.50,10928054
2016-09-05,6.51,6.74,6.50,6.63,26116676
2016-09-06,6.62,6.66,6.50,6.66,17552644
2016-09-07,6.66,6.67,6.61,6.63,13865670
2016-09-08,6.62,6.63,6.50,6.59,12098809
2016-09-09,6.60,6.62,6.50,6.52,12211986
2016-09-12,6.40,6.40,6.20,6.21,29160660
2016-09-13,6.24,6.27,6.16,6.19,14525144
2016-09-14,6.13,6.17,6.10,6.13,12665967
2016-09-19,6.15,6.24,6.14,6.20,10435309
2016-09-20,6.22,6.24,6.14,6.18,7685315
2016-09-21,6.18,6.22,6.16,6.19,12128051
2016-09-22,6.21,6.25,6.19,6.24,16191561
2016-09-23,6.27,6.31,6.23,6.27,14286886
2016-09-26,6.22,6.26,6.06,6.07,14096865
2016-09-27,6.08,6.16,6.08,6.15,8422664
2016-09-28,6.18,6.18,6.08,6.10,6819770
2016-09-29,6.10,6.20,6.06,6.13,18298200
2016-09-30,6.11,6.14,6.09,6.12,7109257
2016-10-10,6.14,6.24,6.11,6.22,20835208
2016-10-11,6.24,6.48,6.23,6.40,31892540
2016-10-12,6.39,6.44,6.35,6.41,22085964
2016-10-13,6.39,6.47,6.36,6.38,15513227
2016-10-14,6.38,6.45,6.35,6.42,15987403
2016-10-17,6.45,6.65,6.32,6.35,37586768
2016-10-18,6.35,6.44,6.28,6.44,22383596
2016-10-19,6.44,6.54,6.44,6.46,23560680
2016-10-20,6.46,6.60,6.45,6.59,30384178
2016-10-21,6.60,6.62,6.40,6.46,31810774
2016-10-24,6.48,6.71,6.46,6.68,54799548
2016-10-25,6.81,7.10,6.74,7.06,102017904
2016-10-26,7.29,7.45,7.06,7.12,113864208
2016-10-27,7.06,7.42,6.97,7.22,62935408
2016-10-28,7.22,7.32,7.06,7.12,39871272
2016-10-31,7.26,7.29,7.09,7.18,42557076
2016-11-01,7.20,7.25,7.07,7.14,43020328
2016-11-02,7.08,7.19,6.77,6.79,74436000
2016-11-03,6.74,6.89,6.68,6.89,50985344
2016-11-04,6.90,6.92,6.76,6.78,33115448
2016-11-07,6.78,7.10,6.72,7.01,61284660
2016-11-08,7.00,7.10,6.82,6.86,55784280
2016-11-09,6.92,7.05,6.77,6.95,52441608
2016-11-10,7.19,7.55,7.19,7.35,116797432
2016-11-11,7.34,8.09,7.28,8.09,132140320
2016-11-14,8.20,8.90,8.16,8.75,305647136
2016-11-15,8.61,8.64,8.17,8.35,182354912
2016-11-16,8.35,8.40,8.17,8.33,83842072
2016-11-17,8.20,8.41,8.15,8.32,55364824
2016-11-18,8.33,8.39,7.99,8.14,65376584
2016-11-21,8.10,8.42,8.04,8.25,70242304
2016-11-22,8.25,8.60,8.11,8.42,106794712
2016-11-23,8.33,8.60,8.25,8.31,56939832
2016-11-24,8.48,8.69,8.17,8.19,85631504
2016-11-25,8.18,8.30,7.76,8.10,51563132
2016-11-28,8.16,8.53,7.95,8.41,82656080
2016-11-29,8.26,8.26,8.01,8.01,71057728
2016-11-30,7.82,7.90,7.37,7.47,96480304
2016-12-01,7.51,7.67,7.44,7.50,50442508
2016-12-02,7.48,7.51,7.24,7.30,36470024
2016-12-05,7.24,7.53,7.15,7.45,36772388
2016-12-06,7.49,7.52,7.27,7.30,28914684
2016-12-07,7.32,7.48,7.23,7.46,39097328
2016-12-08,7.41,7.54,7.33,7.36,32348590
2016-12-09,7.36,7.53,7.32,7.48,31637492
2016-12-12,7.53,7.56,7.14,7.17,34219368
2016-12-13,7.15,7.35,7.07,7.29,30234924
2016-12-14,7.22,7.30,7.11,7.25,20970940
2016-12-15,7.19,7.35,7.16,7.24,21243376
2016-12-16,7.20,7.25,7.11,7.13,28058068
2016-12-19,7.13,7.13,6.82,6.89,49862344
2016-12-20,6.83,6.91,6.77,6.86,24601530
2016-12-21,6.90,6.94,6.80,6.93,23727116
2016-12-22,6.90,6.97,6.80,6.96,26236496
2016-12-23,6.96,6.96,6.80,6.82,20008244
2016-12-26,6.77,6.77,6.61,6.71,25685696
2016-12-27,6.72,6.81,6.67,6.74,17388096
2016-12-28,6.78,6.80,6.68,6.75,18713244
2016-12-29,6.70,6.73,6.62,6.67,17958344
2016-12-30,6.68,6.73,6.61,6.70,18174692
2017-01-03,6.69,6.75,6.68,6.74,14838218
2017-01-04,6.71,6.78,6.61,6.77,32731792
2017-01-05,6.76,7.03,6.74,6.97,53592204
2017-01-06,6.92,7.06,6.87,7.04,34005456
2017-01-09,7.04,7.05,6.96,6.98,20208382
2017-01-10,6.94,7.25,6.89,7.10,40333788
2017-01-11,7.12,7.25,7.04,7.09,30253144
2017-01-12,7.05,7.11,6.81,6.87,30817404
2017-01-13,6.97,7.06,6.70,6.76,31254362
2017-01-16,6.78,6.93,6.38,6.74,37051316
2017-01-17,6.70,6.75,6.48,6.73,24816038
2017-02-17,7.40,7.40,7.40,7.40,4057474
2017-02-20,7.41,7.89,7.29,7.59,142428768
2017-02-21,7.53,7.78,7.49,7.54,91942136
2017-02-22,7.49,7.75,7.38,7.67,79905968
2017-02-23,7.60,7.79,7.54,7.64,55226868
2017-02-24,7.51,7.53,7.33,7.41,52221328
2017-02-27,7.41,7.44,7.21,7.23,30900404
2017-02-28,7.31,7.37,7.23,7.30,22757512
2017-03-01,7.39,7.95,7.36,7.72,109629816
2017-03-02,7.77,8.08,7.69,7.80,105279424
2017-03-03,7.60,8.02,7.54,8.00,93419360
2017-03-06,7.96,8.00,7.80,7.90,48003052
2017-03-07,7.85,7.85,7.64,7.77,37881168
2017-03-08,7.77,7.83,7.69,7.81,26813324
2017-03-09,7.77,7.82,7.48,7.70,49871760
2017-03-10,7.67,7.74,7.59,7.70,21765138
2017-03-13,7.71,7.71,7.50,7.63,35361480
2017-03-14,7.55,7.61,7.39,7.44,48657192
2017-03-15,7.40,7.47,7.38,7.45,19290720
2017-03-16,7.53,7.58,7.47,7.55,31261118
2017-03-17,7.55,7.56,7.21,7.25,55409224
2017-03-20,7.25,7.30,7.13,7.21,26215200
2017-03-21,7.21,7.33,7.16,7.31,24733416
2017-03-22,7.23,7.28,7.20,7.24,19586176
2017-03-23,7.24,7.35,7.21,7.35,29637912
2017-03-24,7.36,7.42,7.26,7.38,31555768
2017-03-27,7.37,7.42,7.22,7.27,27168206
2017-03-28,7.25,7.30,7.20,7.29,20851746
2017-03-29,7.33,7.46,7.32,7.36,32629624
2017-03-30,7.37,7.40,7.10,7.13,27635206
2017-03-31,7.17,7.33,7.07,7.30,26336336
2017-04-05,7.30,7.74,7.29,7.68,61792872
2017-04-06,7.70,7.95,7.58,7.82,63597560
2017-04-07,7.79,7.95,7.70,7.75,41209176
2017-04-10,7.75,7.99,7.74,7.75,45585744
2017-04-11,7.67,7.75,7.48,7.69,37827884
2017-04-12,7.68,7.89,7.53,7.70,38647200
2017-04-13,7.72,8.15,7.63,8.14,81537800
2017-04-14,8.19,8.60,8.15,8.24,99468856
2017-04-17,8.70,8.95,8.31,8.36,96926520
2017-04-18,8.40,8.88,8.21,8.65,83117496
2017-04-19,8.49,8.51,8.02,8.32,54698584
2017-04-20,8.30,8.42,7.88,8.30,45458988
2017-04-21,8.31,8.40,8.12,8.34,31183204
2017-04-24,8.23,8.26,7.81,8.18,42557696
2017-04-25,8.12,8.65,8.07,8.61,50091240
2017-04-26,8.61,8.80,8.43,8.61,46577304
2017-04-27,8.55,8.85,8.35,8.78,40600284
2017-04-28,8.62,8.71,8.45,8.59,29437502
2017-05-02,8.54,8.54,8.10,8.26,31427874
2017-05-03,8.20,8.21,7.91,8.07,29523476
2017-05-04,7.97,7.99,7.75,7.84,34717480
2017-05-05,7.70,7.88,7.64,7.70,21689920
2017-05-08,7.68,7.77,7.37,7.38,24647262
2017-05-09,7.40,7.72,7.20,7.56,38399804
2017-05-10,7.51,7.60,7.10,7.18,29017354
2017-05-11,7.12,7.47,6.72,7.33,43114668
2017-05-12,7.23,7.28,7.10,7.19,20682688
2017-05-15,7.20,7.33,7.17,7.24,15354367
2017-05-16,7.25,7.36,7.04,7.35,20876700
2017-05-17,7.36,7.54,7.31,7.39,26789732
2017-05-18,7.32,7.36,7.20,7.21,11668693
2017-05-19,7.21,7.27,7.14,7.19,10044704
2017-05-22,7.25,7.42,7.00,7.00,21139608
2017-05-23,6.96,6.96,6.50,6.55,38819924
2017-05-24,6.57,6.62,6.27,6.57,26701236
2017-05-25,6.55,6.80,6.47,6.74,39668988
2017-05-26,6.74,6.77,6.61,6.63,22626684
2017-05-31,6.71,6.75,6.47,6.52,18871408
2017-06-01,6.51,6.51,6.17,6.40,37990512
2017-06-02,6.32,6.40,6.17,6.33,26069676
2017-06-05,6.39,6.42,6.31,6.32,14908178
2017-06-06,6.31,6.36,6.26,6.36,11885114
2017-06-07,6.36,6.62,6.34,6.59,24753500
2017-06-08,6.60,6.60,6.51,6.54,20394598
2017-06-09,6.56,6.59,6.42,6.51,15057236
2017-06-12,6.47,6.51,6.32,6.35,20344892
2017-06-13,6.32,6.63,6.31,6.58,33629856
2017-06-14,6.59,6.59,6.47,6.53,18524126
2017-06-15,6.50,6.74,6.47,6.65,28371822
2017-06-16,6.67,6.73,6.56,6.61,20537138
2017-06-19,6.61,6.83,6.56,6.81,40228780
2017-06-20,6.78,7.29,6.78,7.12,59955576
2017-06-21,7.14,7.43,7.04,7.14,63155704
2017-06-22,7.17,7.30,6.98,7.04,39474540
2017-06-23,7.05,7.08,6.87,7.02,29839024
2017-06-26,7.00,7.25,6.98,7.19,34112108
2017-06-27,7.15,7.22,7.01,7.20,26188302
2017-06-28,7.19,7.35,7.14,7.26,27691432
2017-06-29,7.32,7.58,7.30,7.40,39329588
2017-06-30,7.35,7.40,7.13,7.22,37724436
2017-07-03,7.30,7.50,7.23,7.49,42765656
2017-07-04,7.45,7.74,7.35,7.39,49734480
2017-07-05,7.51,7.83,7.51,7.80,66053120
2017-07-06,7.77,7.92,7.55,7.82,54062140
2017-07-07,7.78,8.25,7.68,8.25,62924488
2017-07-10,8.19,8.50,8.08,8.17,81241368
2017-07-11,8.09,8.30,7.87,7.92,71914480
2017-07-12,7.95,8.03,7.68,7.90,70721432
2017-07-13,7.90,8.26,7.83,8.12,74717320
2017-07-14,8.08,8.40,7.95,8.22,61893876
2017-07-17,8.19,8.68,7.69,8.33,105269136
2017-07-18,8.30,8.64,8.13,8.40,71023544
2017-07-19,8.41,9.24,8.41,9.24,159915552
2017-07-20,9.28,9.50,9.09,9.48,132705336
2017-07-21,9.26,9.29,9.02,9.11,89828568
2017-07-24,9.08,9.33,8.80,8.99,92816712
2017-07-25,8.96,9.17,8.89,9.12,66912428
2017-07-26,9.54,9.59,9.02,9.02,113262552
2017-07-27,8.99,9.04,8.36,8.70,89124064
2017-07-28,8.68,8.95,8.55,8.90,71638176
2017-07-31,8.81,9.79,8.79,9.79,155729376
2017-08-01,10.10,10.45,9.90,10.22,161679488
2017-08-02,10.05,11.24,9.90,10.69,199900256
2017-08-03,10.62,11.30,10.44,10.69,164683568
2017-08-04,10.62,11.17,10.48,10.65,123469736
2017-08-07,11.00,11.65,10.33,11.49,150535808
2017-08-08,11.72,12.59,11.48,12.33,173463776
2017-08-09,13.10,13.13,12.13,12.72,158809088
2017-08-10,12.38,13.50,12.19,13.38,174670688
2017-08-11,12.70,12.95,12.04,12.04,168669440
2017-08-14,11.85,12.18,11.23,11.80,153701888
2017-08-15,11.57,12.08,11.32,11.71,123206688
2017-08-16,11.99,12.15,11.30,11.80,135214224
2017-08-17,12.25,12.49,11.70,11.94,119887136
2017-08-18,11.48,11.60,10.92,11.12,122314672
2017-08-21,11.16,12.01,10.95,11.81,132154464
2017-08-22,11.64,12.01,11.40,11.65,86296976
2017-08-23,11.39,11.42,10.88,10.97,80568848
2017-08-24,11.30,11.48,10.71,10.85,69559976
2017-08-25,10.95,11.94,10.78,11.81,150011072
2017-08-28,11.59,12.16,11.45,12.10,124815160
2017-08-29,12.00,12.75,11.81,12.25,132783960
2017-08-30,12.25,13.48,12.23,13.32,163096080
2017-08-31,13.50,14.16,13.11,13.71,170430464
2017-09-01,13.79,14.20,13.50,13.60,136256384
2017-09-04,13.65,14.01,13.10,13.31,110576440
2017-09-05,13.31,13.36,12.73,13.16,94814240
2017-09-06,12.93,13.49,12.88,13.25,77299296
2017-09-07,13.17,13.59,12.93,12.98,77031488
2017-09-08,12.88,13.28,12.70,12.90,73635264
2017-09-11,12.71,14.19,12.55,14.19,144020192
2017-09-12,14.80,15.45,14.41,14.90,187154064
2017-09-13,15.11,15.68,14.76,15.20,138662160
2017-09-14,15.28,16.08,14.86,16.05,142258416
2017-09-15,15.70,15.79,14.45,14.45,154239200
2017-09-18,14.10,14.44,13.75,14.30,102597416
2017-09-19,14.40,14.95,14.21,14.70,106775936
2017-09-20,14.69,16.17,14.47,16.17,159190544
2017-09-21,16.15,16.32,15.37,15.50,129100416
2017-09-22,14.80,15.58,14.43,15.17,115174408
2017-09-25,14.98,15.15,14.23,14.40,77435336
2017-09-26,14.52,15.09,14.52,14.70,70873104
2017-09-27,14.40,15.06,14.33,14.85,71774512
2017-09-28,14.73,14.81,14.21,14.30,61611768
2017-09-29,14.35,14.48,13.50,13.87,91623968
2017-10-09,14.15,14.29,13.82,14.23,60290488
2017-10-10,14.15,14.40,13.75,13.76,62822412
2017-10-11,13.56,13.57,12.38,12.59,138633664
2017-10-12,12.50,12.69,11.88,12.60,98260576
2017-10-13,12.65,12.86,12.46,12.73,71053008
2017-10-16,12.60,13.50,12.23,13.30,114037296
2017-10-17,13.00,13.08,12.64,12.78,59426144
2017-10-18,12.70,12.85,12.00,12.02,79732656
2017-10-19,11.89,12.27,11.72,12.00,53996320
2017-10-20,12.03,12.37,12.03,12.21,45409948
2017-10-23,12.10,12.23,11.91,12.08,40327796
2017-10-24,12.17,12.29,11.75,11.91,46189996
2017-10-25,11.94,12.35,11.93,12.20,59250160
2017-10-26,12.44,12.78,12.23,12.64,80818568
2017-10-27,12.55,12.57,12.21,12.23,50438488
2017-10-30,12.05,12.19,11.50,11.59,51652992
2017-10-31,11.59,12.04,11.49,11.94,44580632
2017-11-01,12.05,12.33,11.91,11.91,52992144
2017-11-02,11.85,12.20,11.70,11.99,41165416
2017-11-03,11.85,11.96,11.03,11.28,64496712
2017-11-06,11.25,11.33,10.63,11.11,57302176
2017-11-07,11.04,11.66,10.83,11.48,71935072
2017-11-08,11.24,11.37,11.03,11.19,71079304
2017-11-09,11.07,11.35,10.91,11.02,70330664
2017-11-10,11.06,11.12,10.61,10.68,79237920
2017-11-13,10.71,11.05,10.47,11.00,97670224
2017-11-14,10.97,11.23,10.85,10.98,90206656
2017-11-15,10.79,11.28,10.66,10.97,71942264
2017-11-16,10.89,11.10,9.87,9.90,148496336
2017-11-17,9.10,9.36,8.91,8.91,126106760
2017-11-20,8.68,8.77,8.37,8.59,93468960
2017-11-21,8.50,8.83,8.39,8.72,117856512
2017-11-22,8.77,8.88,8.53,8.78,91299680
2017-11-23,8.80,9.08,8.68,8.73,111383792
2017-11-24,8.70,9.15,8.56,9.08,94237872
2017-11-27,9.01,9.44,8.97,9.07,109695992
2017-11-28,8.97,9.28,8.81,9.19,88036600
2017-11-29,9.08,9.83,9.06,9.52,160155264
2017-11-30,9.38,9.57,9.26,9.51,79880920
2017-12-01,9.46,9.55,9.17,9.27,66621376
2017-12-04,9.29,9.42,8.87,8.88,71731008
2017-12-05,8.89,8.99,8.50,8.58,63845340
2017-12-06,8.50,8.68,8.30,8.67,67853176
2017-12-07,8.58,8.68,8.40,8.50,54092832
2017-12-08,8.44,8.72,8.43,8.70,70933120
2017-12-11,8.65,8.78,8.55,8.74,67641936
2017-12-12,8.74,8.80,8.36,8.38,77880832
2017-12-13,8.30,8.53,8.18,8.51,70913160
2017-12-14,8.55,8.70,8.39,8.49,58881440
2017-12-15,8.55,8.70,8.41,8.67,78497120
2017-12-18,8.70,8.89,8.57,8.88,103215720
2017-12-19,8.80,8.83,8.70,8.81,61460708
2017-12-20,8.83,8.93,8.50,8.56,77698192
2017-12-21,8.52,8.62,8.35,8.56,52847712
2017-12-22,8.60,8.78,8.53,8.60,54838820
2017-12-25,8.77,8.93,8.66,8.82,106457496
2017-12-26,8.69,8.99,8.55,8.96,101854616
2017-12-27,8.94,9.84,8.92,9.46,233626064
2017-12-28,9.64,10.38,9.64,10.35,257962288
2017-12-29,10.27,10.37,10.06,10.23,158476320
2018-01-02,10.34,10.67,10.10,10.62,134889104
2018-01-03,10.44,11.08,10.39,10.84,146241376
2018-01-04,10.63,11.07,10.58,10.95,121993360
2018-01-05,10.80,10.98,10.52,10.58,94297528
2018-01-08,10.34,10.97,10.31,10.94,120033328
2018-01-09,10.80,11.05,10.63,10.78,81528576
2018-01-10,10.74,11.37,10.65,11.02,130628992
2018-01-11,10.92,11.28,10.76,10.96,95712408
2018-01-12,10.82,10.87,10.45,10.47,94409296
2018-01-15,10.55,10.59,9.92,10.03,96792744
2018-01-16,10.00,10.07,9.78,9.95,78437848
2018-01-17,9.83,9.89,9.53,9.82,75251208
2018-02-01,9.10,9.26,8.84,8.84,97495864
2018-02-02,8.51,9.24,8.18,9.18,172135936
2018-02-05,8.85,9.23,8.73,8.95,100757792
2018-02-06,8.60,8.85,8.06,8.06,88528064
2018-02-07,8.30,8.48,8.00,8.32,78625504
2018-02-08,8.28,8.45,8.19,8.29,54015960
2018-02-09,7.97,8.06,7.46,7.48,93058688
2018-02-12,7.55,7.94,7.46,7.77,49914336
2018-02-13,7.95,8.08,7.81,7.85,46831640
2018-02-14,7.90,7.94,7.66,7.80,43248220
2018-02-22,7.95,8.34,7.86,8.03,93989152
2018-02-23,7.98,8.37,7.93,8.32,88917120
2018-02-26,8.25,8.57,8.18,8.48,89498704
2018-02-27,8.45,8.75,8.19,8.59,111012304
2018-02-28,8.35,8.77,8.34,8.67,114448920
2018-03-01,8.55,8.65,8.34,8.48,82474368
2018-03-02,8.34,8.57,8.28,8.37,55144296
2018-03-05,8.33,8.41,7.81,7.88,94961256
2018-03-06,7.92,8.67,7.79,8.67,124522504
2018-03-07,8.68,8.80,8.55,8.57,154253952
2018-03-08,8.50,8.75,8.38,8.67,97015736
2018-03-09,8.60,8.76,8.42,8.63,84374504
2018-03-12,8.66,9.03,8.54,8.87,131213840
2018-03-13,8.73,8.92,8.70,8.71,86401584
2018-03-14,8.74,8.94,8.70,8.74,79579768
2018-03-15,8.73,8.73,8.41,8.57,60421264
2018-03-16,8.50,8.56,8.32,8.36,48089324
2018-03-19,8.30,8.57,8.13,8.46,56358276
2018-03-20,8.40,8.62,8.32,8.39,59011344
2018-03-21,8.36,8.54,8.18,8.25,52478536
2018-03-22,8.27,8.42,8.23,8.32,44841832
2018-03-23,7.85,7.98,7.49,7.52,108950784
2018-03-26,7.30,7.53,7.15,7.51,53093544
2018-03-27,7.67,7.74,7.56,7.66,52129740
2018-03-28,7.52,7.72,7.45,7.47,41372760
2018-03-29,7.53,7.79,7.52,7.70,69765752
2018-03-30,7.65,7.74,7.62,7.67,50480780
2018-04-02,7.69,7.92,7.65,7.79,62420976
2018-04-03,7.67,7.74,7.56,7.65,41715720
2018-04-04,7.64,7.74,7.37,7.37,49806368
2018-04-09,7.44,7.70,7.42,7.68,63465060
2018-04-10,7.98,8.16,7.83,7.90,98371896
2018-04-11,8.20,8.27,7.90,7.96,91640968
2018-04-12,7.92,7.93,7.75,7.77,47262128
2018-04-13,7.97,8.10,7.88,7.93,64698008
2018-04-16,7.60,7.60,7.38,7.59,71452960
2018-04-17,7.72,8.30,7.58,7.89,93964488
2018-04-18,8.10,8.17,7.94,8.12,103416504
2018-04-19,8.65,8.93,8.52,8.93,171779424
2018-04-20,8.93,8.93,8.52,8.68,162109792
2018-04-23,8.57,8.62,8.19,8.33,87194120
2018-04-24,7.66,7.94,7.52,7.94,134871856
2018-04-25,7.79,7.89,7.70,7.78,60873208
2018-04-26,7.79,7.82,7.55,7.58,47791052
2018-04-27,7.58,7.63,7.46,7.61,39421572
2018-05-02,7.61,7.61,7.20,7.25,59826288
2018-05-03,7.29,7.45,7.20,7.40,50089272
2018-05-04,7.30,7.35,7.18,7.22,48057904
2018-05-07,7.29,7.39,7.23,7.37,40155968
2018-05-08,7.38,7.57,7.32,7.46,53101640
2018-05-09,7.37,7.46,7.33,7.36,34485388
2018-05-10,7.40,7.45,7.33,7.44,31478514
2018-05-11,7.44,7.53,7.37,7.41,47367344
2018-05-14,7.42,7.45,7.34,7.35,31864552
2018-05-15,7.38,7.39,7.20,7.32,36402872
2018-05-16,7.28,7.31,7.21,7.22,27926572
2018-05-17,7.25,7.32,7.22,7.24,23836160
2018-05-18,7.22,7.30,7.10,7.29,32906700
2018-05-21,7.43,7.48,7.36,7.38,38561884
2018-05-22,7.35,7.45,7.33,7.39,31158632
2018-05-23,7.37,7.37,7.15,7.16,39822872
2018-05-24,7.13,7.16,7.05,7.05,26046460
2018-05-25,7.05,7.10,6.89,6.93,27729266
2018-05-28,6.97,7.00,6.81,6.85,22699932
2018-05-29,6.90,6.91,6.61,6.77,34342380
2018-05-30,6.60,6.63,6.18,6.27,51398140
2018-05-31,6.31,6.38,6.23,6.30,26526564
2018-06-01,6.27,6.48,6.23,6.34,31539612
2018-06-04,6.36,6.67,6.26,6.46,32541740
2018-06-05,6.40,6.47,6.34,6.45,24075336
2018-06-06,6.45,6.61,6.45,6.57,36896168
2018-06-07,6.66,6.73,6.55,6.60,36204600
2018-06-08,6.54,6.54,6.25,6.33,31596928
2018-06-11,6.31,6.46,6.27,6.40,24257928
2018-06-12,6.43,6.43,6.25,6.39,23589848
2018-06-13,6.33,6.39,6.14,6.16,27531362
2018-06-14,6.17,6.29,6.13,6.20,23316752
2018-06-15,6.16,6.22,5.91,6.03,33719532
2018-06-19,5.83,5.83,5.43,5.43,52847312
2018-06-20,5.36,5.38,5.12,5.30,46946872
2018-06-21,5.24,5.47,5.19,5.21,39918728
2018-06-22,5.21,5.29,4.96,5.24,29615042
2018-06-25,5.30,5.32,5.02,5.06,32235502
2018-06-26,4.91,5.25,4.87,5.19,39255464
2018-06-27,5.20,5.25,5.07,5.13,25109140
2018-06-28,5.13,5.19,5.03,5.04,20787264
2018-06-29,5.05,5.19,5.02,5.18,29601952
2018-07-02,5.19,5.23,4.85,4.94,36040568
2018-07-03,4.96,5.08,4.86,5.07,34597340
2018-07-04,5.06,5.14,4.98,5.01,34597064
2018-07-05,5.01,5.03,4.67,4.67,44988964
2018-07-06,4.69,4.83,4.61,4.73,33869120
2018-07-09,4.77,4.88,4.75,4.85,27015678
2018-07-10,4.86,4.96,4.84,4.91,28795484
2018-07-11,4.72,4.90,4.67,4.75,32659686
2018-07-12,4.80,4.95,4.74,4.91,38621608
2018-07-13,4.89,4.99,4.83,4.95,40014276
2018-07-16,4.91,4.93,4.81,4.85,31120840
2018-07-17,4.87,4.88,4.76,4.85,22522128
2018-07-18,4.84,4.92,4.79,4.80,23048632
2018-07-19,4.82,4.85,4.68,4.71,23861756
2018-07-20,4.72,4.82,4.57,4.79,33668536
2018-07-23,4.80,5.27,4.75,5.18,87863616
2018-07-24,5.15,5.70,5.15,5.70,167604576
2018-07-25,5.68,5.80,5.54,5.57,123639784
2018-07-26,5.58,5.63,5.46,5.50,60498740
2018-07-27,5.49,5.56,5.42,5.44,50994344
2018-07-30,5.46,5.59,5.41,5.46,47853600
2018-07-31,5.49,5.55,5.42,5.51,34903048
2018-08-01,5.55,5.57,5.25,5.26,69989096
2018-08-02,5.20,5.21,4.76,4.93,77898712
2018-08-03,4.93,5.11,4.89,4.96,46771712
2018-08-06,4.96,5.07,4.82,4.90,37415420
2018-08-07,4.89,5.20,4.80,5.15,54516188
2018-08-08,5.09,5.39,5.07,5.21,64815448
2018-08-09,5.45,5.56,5.35,5.36,98291080
2018-08-10,5.28,5.36,5.24,5.31,44680860
2018-08-13,5.26,5.29,5.16,5.29,40132964
2018-08-14,5.23,5.35,5.22,5.32,28365174
2018-08-15,5.28,5.31,5.07,5.08,41695316
2018-08-16,4.93,5.12,4.85,5.05,37146260
2018-08-17,5.10,5.14,4.96,4.97,23910974
2018-08-20,4.98,5.08,4.93,5.07,21588614
2018-08-21,5.09,5.29,5.09,5.21,51567408
2018-08-22,5.21,5.27,5.16,5.18,33131936
2018-08-23,5.20,5.21,5.09,5.15,28613164
2018-08-24,5.14,5.29,5.09,5.25,44377968
2018-08-27,5.36,5.45,5.31,5.34,56444976
2018-08-28,5.30,5.79,5.30,5.71,119800736
2018-08-29,5.65,5.78,5.55,5.57,80575392
2018-08-30,5.65,5.72,5.54,5.60,63250444
2018-08-31,5.50,5.54,5.41,5.44,45773456
2018-09-03,5.42,5.47,5.29,5.45,33467874
2018-09-04,5.40,5.51,5.37,5.47,31053792
2018-09-05,5.42,5.46,5.26,5.28,32798440
2018-09-06,5.26,5.34,5.21,5.27,24719692
2018-09-07,5.27,5.37,5.22,5.29,23793910
2018-09-10,5.27,5.29,5.02,5.03,36343544
2018-09-11,5.08,5.15,5.04,5.08,21334604
2018-09-12,5.05,5.12,5.02,5.07,15332639
2018-09-13,5.15,5.23,5.06,5.21,29633300
2018-09-14,5.21,5.35,5.15,5.17,33354376
2018-09-17,5.12,5.12,5.01,5.04,23930762
2018-09-18,5.01,5.20,4.99,5.18,28205224
2018-09-19,5.15,5.28,5.13,5.20,30909388
2018-09-20,5.25,5.35,5.18,5.22,37136472
2018-09-21,5.29,5.45,5.24,5.40,54481956
2018-09-25,5.33,5.35,5.28,5.32,28455296
2018-09-26,5.33,5.37,5.26,5.28,34436912
2018-09-27,5.26,5.32,5.15,5.16,28727364
2018-09-28,5.14,5.24,5.11,5.21,32390296
2018-10-08,5.17,5.33,5.12,5.14,53407712
2018-10-09,5.11,5.25,5.10,5.20,29262266
2018-10-10,5.21,5.25,5.14,5.18,24117016
2018-10-11,4.96,5.01,4.66,4.66,65873072
2018-10-12,4.54,4.64,4.29,4.58,42452212
2018-10-15,4.58,4.58,4.25,4.26,42907528
2018-10-16,4.27,4.34,4.03,4.12,43024856
2018-10-17,4.17,4.21,3.98,4.11,42818492
2018-10-18,4.08,4.08,3.85,3.88,46205000
2018-10-19,3.81,4.03,3.78,4.03,38162440
2018-10-22,4.05,4.31,4.04,4.26,49170752
2018-10-23,4.27,4.28,4.10,4.12,37088452
2018-10-24,4.10,4.24,4.09,4.15,27150232
2018-10-25,3.98,4.17,3.95,4.15,32061720
2018-10-26,4.18,4.42,4.17,4.25,64266912
2018-10-29,4.20,4.25,4.08,4.12,29565724
2018-10-30,4.11,4.31,4.06,4.20,35764000
2018-10-31,4.19,4.38,4.18,4.30,49931760
2018-11-01,4.28,4.34,4.23,4.25,41944768
2018-11-02,4.35,4.40,4.28,4.38,53925296
2018-11-05,4.35,4.41,4.27,4.36,38093660
2018-11-06,4.33,4.37,4.28,4.37,27115908
2018-11-07,4.37,4.50,4.31,4.33,54501480
2018-11-08,4.39,4.40,4.24,4.25,35145984
2018-11-09,4.22,4.28,4.18,4.18,27053680
2018-11-12,4.18,4.35,4.16,4.35,37055992
2018-11-13,4.28,4.70,4.27,4.56,109416856
2018-11-14,4.59,4.76,4.51,4.53,82955976
2018-11-15,4.57,4.64,4.48,4.61,48084800
2018-11-16,4.60,4.63,4.55,4.57,41308868
2018-11-19,4.58,4.59,4.47,4.58,38209268
2018-11-20,4.52,4.57,4.40,4.41,38853000
2018-11-21,4.35,4.38,4.26,4.34,80746816
2018-11-22,4.35,4.39,4.30,4.36,40975048
2018-11-23,4.34,4.35,4.06,4.09,60432536
2018-11-26,4.10,4.13,3.99,4.04,33754360
2018-11-27,4.07,4.12,4.03,4.11,26134460
2018-11-28,4.08,4.17,4.02,4.16,30787648
2018-11-29,4.20,4.25,4.04,4.05,35957596
2018-11-30,4.06,4.14,4.02,4.12,26508158
2018-12-03,4.27,4.31,4.20,4.25,43922960
2018-12-04,4.24,4.28,4.21,4.25,25136874
2018-12-05,4.16,4.32,4.13,4.30,53412600
2018-12-06,4.25,4.26,4.15,4.17,29867396
2018-12-07,4.18,4.20,4.15,4.19,15409644
2018-12-10,4.13,4.17,4.07,4.10,19404110
2018-12-11,4.12,4.14,4.08,4.12,12949041
2018-12-12,4.13,4.17,4.10,4.10,16874240
2018-12-13,4.12,4.21,4.10,4.15,30846276
2018-12-14,4.13,4.16,4.02,4.04,29630524
2018-12-17,4.04,4.09,4.02,4.06,14570158
2018-12-18,4.04,4.08,4.00,4.05,15281045
2018-12-19,4.06,4.07,4.02,4.04,16406807
2018-12-20,4.04,4.08,4.01,4.05,18790100
2018-12-21,4.03,4.04,3.99,4.03,15718262
2018-12-24,4.03,4.06,4.01,4.02,12998512
2018-12-25,3.98,3.98,3.81,3.91,32238148
2018-12-26,3.91,3.94,3.89,3.91,16070199
2018-12-27,3.97,4.03,3.86,3.88,27626072
2018-12-28,3.87,3.93,3.86,3.88,16105544
2019-01-02,3.88,3.90,3.81,3.84,14953080
2019-01-03,3.83,3.92,3.81,3.87,17169316
2019-01-04,3.81,3.97,3.79,3.96,25907908
2019-01-07,3.98,4.11,3.96,4.10,39171192
2019-01-08,4.09,4.09,4.03,4.04,25716540
2019-01-09,4.06,4.11,4.02,4.03,24345920
2019-01-10,4.03,4.04,3.95,3.97,24181864
2019-01-11,3.96,4.09,3.95,4.06,39619296
2019-01-14,4.05,4.14,4.04,4.05,32390424
2019-01-15,4.04,4.07,4.00,4.07,21470828
2019-01-16,4.07,4.13,4.03,4.10,35156952
2019-01-17,4.09,4.18,4.03,4.08,48797668
2019-01-18,4.07,4.45,4.06,4.27,107937584
2019-01-21,4.29,4.37,4.23,4.37,79201840
2019-01-22,4.32,4.37,4.19,4.19,56520192
2019-01-23,4.17,4.31,4.13,4.30,53780848
2019-01-24,4.28,4.32,4.19,4.24,40867792
2019-01-25,4.22,4.24,4.11,4.13,40430440
2019-01-28,4.16,4.19,4.08,4.11,23940466
2019-01-29,4.08,4.09,3.92,3.98,43398792
2019-01-30,3.96,4.00,3.92,3.92,21462362
2019-01-31,3.95,3.98,3.53,3.53,90064104
2019-02-01,3.52,3.64,3.52,3.62,37364984
2019-02-11,3.64,3.78,3.63,3.76,33152112
2019-02-12,3.76,3.87,3.75,3.83,30979496
2019-02-13,3.82,3.97,3.79,3.92,48519552
2019-02-14,3.92,3.95,3.87,3.90,25800484
2019-02-15,3.87,3.95,3.85,3.86,34433492
2019-02-18,3.88,4.02,3.88,4.00,45541640
2019-02-19,4.01,4.10,3.93,4.01,49509932
2019-02-20,4.00,4.19,3.99,4.09,66302424
2019-02-21,4.10,4.16,4.05,4.10,57836892
2019-02-22,4.09,4.15,4.05,4.14,51916604
2019-02-25,4.19,4.50,4.16,4.50,135319392
2019-02-26,4.51,4.80,4.40,4.61,160876656
2019-02-27,4.61,4.69,4.49,4.55,98265608
2019-02-28,4.55,4.74,4.54,4.59,90300376
2019-03-01,4.61,4.64,4.51,4.59,54422064
2019-03-04,4.64,4.88,4.59,4.77,127716560
2019-03-05,4.73,5.16,4.69,5.11,165324400
2019-03-06,5.25,5.26,4.97,5.14,178881904
2019-03-07,5.10,5.65,5.07,5.56,207440320
2019-03-08,5.25,5.48,5.00,5.02,156837856
2019-03-11,5.01,5.18,5.00,5.14,89985768
2019-03-12,5.17,5.28,5.05,5.14,97140320
2019-03-13,5.15,5.18,4.90,4.94,83831256
2019-03-14,4.94,5.11,4.78,4.88,73609952
2019-03-15,4.88,4.97,4.82,4.92,56845688
2019-03-18,4.97,5.08,4.93,5.03,74715008
2019-03-19,5.04,5.06,4.92,4.99,59106136
2019-03-20,4.99,5.20,4.96,5.18,107050432
2019-03-21,5.19,5.27,5.08,5.15,88376224
2019-03-22,5.11,5.12,4.98,5.06,65749888
2019-03-25,4.95,5.00,4.84,4.84,79135384
2019-03-26,4.88,4.92,4.71,4.73,46083196
2019-03-27,4.78,4.80,4.69,4.75,36329432
2019-03-28,4.72,4.79,4.65,4.70,36535332
2019-03-29,4.70,4.91,4.70,4.88,51988872
2019-04-01,5.03,5.37,5.01,5.37,127212920
2019-04-02,5.58,5.65,5.21,5.49,239421728
2019-04-03,5.44,5.64,5.34,5.60,143754192
2019-04-04,5.92,6.16,5.68,5.73,187242144
2019-04-08,5.89,6.30,5.84,6.18,279508768
2019-04-09,5.99,5.99,5.60,5.77,183067840
2019-04-10,5.67,5.85,5.53,5.72,104625632
2019-04-11,5.70,5.77,5.56,5.60,72291024
2019-04-12,5.59,5.63,5.37,5.49,70119752
2019-04-15,5.68,5.88,5.51,5.53,120620904
2019-04-16,5.45,6.07,5.41,5.94,188097376
2019-04-17,5.86,6.16,5.78,6.06,151445968
2019-04-18,6.10,6.29,5.93,5.98,127001360
2019-04-19,5.93,6.06,5.73,6.00,92013568
2019-04-22,6.01,6.03,5.67,5.71,100846448
2019-04-23,5.73,5.84,5.61,5.81,75243680
2019-04-24,5.74,5.83,5.65,5.77,66020584
2019-04-25,5.79,5.94,5.59,5.59,79231264
2019-04-26,5.50,5.55,5.22,5.29,91826936
2019-04-29,5.31,5.33,5.06,5.17,57015492
2019-04-30,5.16,5.33,5.11,5.24,43428996
2019-05-06,4.95,4.96,4.72,4.72,78073016
2019-05-07,4.75,4.77,4.46,4.62,78280600
2019-05-08,4.49,4.61,4.41,4.51,48427044
2019-05-09,4.43,4.56,4.41,4.47,38018984
2019-05-10,4.55,4.68,4.41,4.67,62684120
2019-05-13,4.58,4.64,4.52,4.54,39072104
2019-05-14,4.45,4.64,4.43,4.56,39211804
2019-05-15,4.68,4.82,4.64,4.75,62463304
2019-05-16,4.77,5.10,4.77,4.98,93155640
2019-05-17,4.94,4.96,4.64,4.67,71520088
2019-05-20,4.67,4.78,4.47,4.75,58349904
2019-05-21,4.71,4.95,4.67,4.87,64508488
2019-05-22,4.84,4.87,4.70,4.73,50627360
2019-05-23,4.69,4.72,4.58,4.61,39056144
2019-05-24,4.60,4.76,4.60,4.62,38959348
2019-05-27,4.71,4.98,4.63,4.87,69318200
2019-05-28,4.82,4.89,4.73,4.77,55600796
2019-05-29,4.78,4.91,4.77,4.79,52120800
2019-05-30,4.75,4.90,4.68,4.89,71444280
2019-05-31,4.85,4.91,4.79,4.80,50946656
2019-06-03,4.78,4.81,4.65,4.66,46403144
2019-06-04,4.69,4.74,4.56,4.61,30402844
2019-06-05,4.65,4.68,4.60,4.60,25800832
2019-06-06,4.55,4.60,4.48,4.49,25050700
2019-06-10,4.51,4.59,4.46,4.54,24594648
2019-06-11,4.54,4.76,4.51,4.74,47949360
2019-06-12,4.72,4.87,4.70,4.73,54754512
2019-06-13,4.73,4.79,4.70,4.75,29237268
2019-06-14,4.77,4.84,4.62,4.63,44063768
2019-06-17,4.67,4.79,4.60,4.74,38140312
2019-06-18,4.73,4.74,4.65,4.69,22358762
2019-06-19,4.82,4.86,4.74,4.76,40373192
2019-06-20,4.78,4.95,4.74,4.90,62196988
2019-06-21,4.90,5.02,4.86,4.90,63639712
2019-06-24,4.87,5.01,4.85,4.92,46164272
2019-06-25,4.93,4.98,4.82,4.96,51289220
2019-06-26,4.92,4.95,4.81,4.82,37652156
2019-06-27,4.84,4.91,4.82,4.84,28006622
2019-06-28,4.83,4.83,4.62,4.69,46761488
2019-07-01,4.80,4.84,4.75,4.84,36737744
2019-07-02,4.83,4.87,4.76,4.83,32761740
2019-07-03,4.83,4.83,4.72,4.73,25754660
2019-07-04,4.76,4.79,4.69,4.72,22211840
2019-07-05,4.74,4.77,4.68,4.71,19094264
2019-07-08,4.73,4.73,4.51,4.52,35993896
2019-07-09,4.52,4.54,4.43,4.48,29491550
2019-07-10,4.49,4.50,4.42,4.44,19424688
2019-07-11,4.50,4.59,4.45,4.53,31035852
2019-07-12,4.52,4.55,4.47,4.53,16249454
2019-07-15,4.62,4.69,4.58,4.65,39064176
2019-07-16,4.62,4.74,4.62,4.66,28821038
2019-07-17,4.64,4.68,4.62,4.64,21952838
2019-07-18,4.65,4.71,4.63,4.64,25118712
2019-07-19,4.70,4.86,4.68,4.81,59287468
2019-07-22,4.75,4.88,4.65,4.77,48731808
2019-07-23,4.76,4.78,4.67,4.73,29506556
2019-07-24,4.73,4.79,4.68,4.73,38099808
2019-07-25,4.71,4.72,4.63,4.68,27464306
2019-07-26,4.66,4.69,4.60,4.64,20397852
2019-07-29,4.61,4.63,4.56,4.60,18071176
2019-07-30,4.60,4.70,4.60,4.66,25116096
2019-07-31,4.66,4.66,4.57,4.62,18375488
2019-08-01,4.58,4.62,4.52,4.57,18058708
2019-08-02,4.48,4.52,4.43,4.49,24856804
2019-08-05,4.49,4.57,4.47,4.49,19250720
2019-08-06,4.40,4.45,4.19,4.33,35461276
2019-08-07,4.35,4.51,4.35,4.46,32493100
2019-08-08,4.48,4.53,4.43,4.43,22856296
2019-08-09,4.49,4.50,4.36,4.36,19432024
2019-08-12,4.36,4.47,4.33,4.47,14390027
2019-08-13,4.42,4.53,4.42,4.47,18348896
2019-08-14,4.54,4.54,4.43,4.50,18921618
2019-08-15,4.40,4.55,4.36,4.52,27329080
2019-08-16,4.55,4.65,4.52,4.58,26683252
2019-08-19,4.63,4.75,4.58,4.73,38582400
2019-08-20,4.79,5.20,4.79,5.04,155118736
2019-08-21,4.97,5.17,4.96,5.09,94833936
2019-08-22,5.11,5.20,5.07,5.17,63401664
2019-08-23,5.18,5.24,5.11,5.12,36364968
2019-08-26,5.03,5.32,5.03,5.13,73212864
2019-08-27,5.17,5.27,5.11,5.14,49861340
2019-08-28,5.11,5.15,5.04,5.08,33219188
2019-08-29,5.09,5.13,4.95,4.97,49622908
2019-08-30,5.06,5.11,4.96,4.98,38345576
2019-09-02,4.98,5.07,4.95,5.04,38012272
2019-09-03,5.05,5.05,4.90,4.98,45833320
2019-09-04,5.05,5.31,5.03,5.22,87695472
2019-09-05,5.25,5.45,5.20,5.39,84241792
2019-09-06,5.38,5.43,5.28,5.34,41599112
2019-09-09,5.35,5.50,5.21,5.36,91187616
2019-09-10,5.30,5.41,5.26,5.27,49915568
2019-09-11,5.28,5.33,5.25,5.27,29858860
2019-09-12,5.29,5.34,5.25,5.29,28993516
2019-09-16,5.34,5.41,5.17,5.20,47125208
2019-09-17,5.20,5.21,4.99,5.01,51904748
2019-09-18,5.01,5.05,4.95,4.96,24224130
2019-09-19,4.96,5.02,4.91,4.99,35002640
2019-09-20,4.99,4.99,4.86,4.91,43295060
2019-09-23,4.88,4.88,4.74,4.78,41393176
2019-09-24,4.78,4.88,4.74,4.87,70824264
2019-09-25,4.81,4.81,4.68,4.74,61053472
2019-09-26,4.72,4.73,4.55,4.55,50840388
2019-09-27,4.55,4.61,4.51,4.57,35740904
2019-09-30,4.57,4.59,4.50,4.50,25856704
2019-10-08,4.53,4.60,4.51,4.55,21227488
2019-10-09,4.55,4.63,4.49,4.63,20040136
2019-10-10,4.63,4.73,4.62,4.67,28318896
2019-10-11,4.69,4.75,4.62,4.72,30718476
2019-10-14,4.74,4.80,4.70,4.75,34474160
2019-10-15,4.75,4.76,4.66,4.70,24980720
2019-10-16,4.71,4.74,4.65,4.65,17469202
2019-10-17,4.65,4.75,4.65,4.74,27527572
2019-10-18,4.74,4.75,4.51,4.52,36980544
2019-10-21,4.52,4.56,4.46,4.54,15952347
2019-10-22,4.54,4.59,4.51,4.56,15062452
2019-10-23,4.55,4.56,4.46,4.49,18218488
2019-10-24,4.49,4.54,4.46,4.52,15265587
2019-10-25,4.50,4.54,4.45,4.54,14760086
2019-10-28,4.53,4.58,4.51,4.56,31075624
2019-10-29,4.55,4.56,4.47,4.47,26638284
2019-10-30,4.44,4.52,4.43,4.50,17929412
2019-10-31,4.50,4.50,4.39,4.39,22062352
2019-11-01,4.40,4.48,4.39,4.46,22005342
2019-11-04,4.50,4.58,4.49,4.55,27415698
2019-11-05,4.56,4.67,4.56,4.63,29766350
2019-11-06,4.63,4.64,4.53,4.55,21026174
2019-11-07,4.57,4.64,4.54,4.57,18270950
2019-11-08,4.61,4.65,4.56,4.58,21328316
2019-11-11,4.59,4.59,4.41,4.41,25863294
2019-11-12,4.41,4.47,4.39,4.46,15927677
2019-11-13,4.46,4.47,4.40,4.42,13242449
2019-11-14,4.40,4.45,4.40,4.41,9357556
2019-11-15,4.41,4.43,4.35,4.35,13315919
2019-11-18,4.35,4.41,4.30,4.39,13816092
2019-11-19,4.37,4.45,4.36,4.45,14027240
2019-11-20,4.45,4.50,4.42,4.46,14922767
2019-11-21,4.45,4.46,4.39,4.43,11522491
2019-11-22,4.44,4.53,4.43,4.45,16131246
2019-11-25,4.45,4.73,4.45,4.73,67560712
2019-11-26,4.69,4.70,4.56,4.57,36759936
2019-11-27,4.56,4.57,4.50,4.52,26713468
2019-11-28,4.50,4.52,4.43,4.44,28930396
2019-11-29,4.46,4.46,4.40,4.45,13705789
2019-12-02,4.46,4.51,4.44,4.50,16607982
2019-12-03,4.49,4.54,4.47,4.53,12971399
2019-12-04,4.49,4.56,4.48,4.54,17631992
2019-12-05,4.55,4.56,4.50,4.53,16511971
2019-12-06,4.52,4.54,4.49,4.53,14938453
2019-12-09,4.54,4.60,4.52,4.58,26818318
2019-12-10,4.59,4.75,4.58,4.66,40680088
2019-12-11,4.65,4.69,4.58,4.66,27299556
2019-12-12,4.66,4.68,4.57,4.58,19940780
2019-12-13,4.64,4.72,4.63,4.69,34817008
2019-12-16,4.72,4.82,4.69,4.82,48381608
2019-12-17,4.82,5.05,4.82,4.99,80505904
2019-12-18,4.97,5.19,4.95,5.09,71747568
2019-12-19,5.13,5.17,5.07,5.14,49220616
2019-12-20,5.17,5.28,5.12,5.12,57360320
2019-12-23,5.10,5.18,4.99,5.01,43450432
2019-12-24,5.04,5.30,5.03,5.25,65085280
2019-12-25,5.25,5.27,5.16,5.18,33799980
2019-12-26,5.14,5.20,5.07,5.15,45569868
2019-12-27,5.14,5.44,5.07,5.25,97628264
2019-12-30,5.19,5.30,5.08,5.19,86548824
2019-12-31,5.15,5.17,5.06,5.14,45445828
2020-01-02,5.17,5.32,5.12,5.24,72835184
2020-01-03,5.21,5.33,5.15,5.19,56386144
2020-01-06,5.15,5.40,5.08,5.30,82456208
2020-01-07,5.31,5.51,5.29,5.39,71956072
2020-01-08,5.35,5.41,5.10,5.14,75931704
2020-01-09,5.20,5.22,5.09,5.18,46038644
2020-01-10,5.18,5.39,5.16,5.28,88481776
2020-01-13,5.27,5.28,5.09,5.24,68876704
2020-01-14,5.22,5.59,5.18,5.46,153195232
2020-01-15,5.40,5.44,5.21,5.24,95452832
2020-01-16,5.21,5.27,5.13,5.18,64246624
2020-01-17,5.25,5.38,5.21,5.27,62263896
2020-01-20,5.20,5.29,5.15,5.21,57341768
2020-01-21,5.18,5.19,4.88,4.92,83151408
2020-01-22,4.91,4.97,4.78,4.95,41498620
2020-01-23,4.85,4.90,4.61,4.72,63588324
2020-02-03,4.25,4.25,4.25,4.25,8721300
2020-02-04,3.93,4.25,3.93,4.19,81207800
2020-02-05,4.21,4.37,4.18,4.27,59314044
2020-02-06,4.27,4.36,4.22,4.33,50486668
2020-02-07,4.29,4.32,4.22,4.30,49183616
2020-02-10,4.25,4.43,4.23,4.42,48755468
2020-02-11,4.44,4.55,4.42,4.48,59611684
2020-02-12,4.50,4.54,4.45,4.54,41503588
2020-02-13,4.52,4.57,4.44,4.49,54629296
2020-02-14,4.49,4.64,4.49,4.58,39499804
2020-02-17,4.58,4.67,4.55,4.67,51664568
2020-02-18,4.69,4.73,4.59,4.66,46302424
2020-02-19,4.64,4.69,4.58,4.58,52157272
2020-02-20,4.59,4.74,4.52,4.70,57118428
2020-02-21,4.71,4.77,4.68,4.72,46974212
2020-02-24,4.72,4.74,4.60,4.68,68320584
2020-02-25,4.55,4.63,4.45,4.60,57656944
2020-02-26,4.54,4.77,4.51,4.64,76250816
2020-02-27,4.61,4.65,4.53,4.55,45732468
2020-02-28,4.44,4.46,4.23,4.24,69093472
2020-03-02,4.27,4.50,4.27,4.46,58202456
2020-03-03,4.58,4.61,4.44,4.48,47616376
2020-03-04,4.46,4.58,4.44,4.57,47656024
2020-03-05,4.62,4.70,4.55,4.66,81029848
2020-03-06,4.60,4.61,4.53,4.57,41176912
2020-03-09,4.44,4.48,4.33,4.36,59105284
2020-03-10,4.30,4.43,4.28,4.43,46427224
2020-03-11,4.43,4.47,4.34,4.34,36227696
2020-03-12,4.31,4.32,4.22,4.26,36442536
2020-03-13,4.05,4.23,3.98,4.17,44196276
2020-03-16,4.21,4.25,4.06,4.07,44675940
2020-03-17,4.08,4.18,4.01,4.09,37848688
2020-03-18,4.11,4.13,4.01,4.01,32986242
2020-03-19,3.98,4.03,3.91,4.00,37267740
2020-03-20,4.03,4.06,3.96,4.05,26125334
2020-03-23,3.95,3.98,3.88,3.90,28430846
2020-03-24,3.97,4.03,3.93,4.02,42558428
2020-03-25,4.10,4.11,4.03,4.07,36974780
2020-03-26,4.05,4.05,3.97,3.98,29387740
2020-03-27,4.01,4.04,3.96,3.99,24334800
2020-03-30,3.95,3.96,3.83,3.86,38510984
2020-03-31,3.89,3.92,3.83,3.87,26217598
2020-04-01,3.86,3.92,3.83,3.84,33254150
2020-04-02,3.80,3.91,3.78,3.90,35890008
2020-04-03,3.90,3.90,3.80,3.82,32556724
2020-04-07,3.89,3.92,3.86,3.91,41510764
2020-04-08,3.88,3.96,3.86,3.90,46014876
2020-04-09,3.95,3.95,3.89,3.90,28199632
2020-04-10,3.90,3.92,3.84,3.86,26776342
2020-04-13,3.86,3.86,3.82,3.85,21503748
2020-04-14,3.87,3.94,3.85,3.93,39321504
2020-04-15,3.92,4.28,3.88,4.05,92274240
2020-04-16,3.99,4.12,3.96,4.09,64681472
2020-04-17,4.10,4.11,4.03,4.07,50468848
2020-04-20,4.05,4.07,4.00,4.03,46563684
2020-04-21,4.00,4.00,3.92,3.95,39112888
2020-04-22,3.90,3.96,3.88,3.95,27476984
2020-04-23,3.96,3.98,3.93,3.94,29645688
2020-04-24,3.93,3.96,3.88,3.90,24451288
2020-04-27,3.90,3.97,3.87,3.94,32365050
2020-04-28,3.96,3.97,3.78,3.87,38043776
2020-04-29,3.88,4.04,3.88,3.99,61421496
2020-04-30,4.04,4.07,3.98,4.03,56017184
2020-05-06,3.96,4.07,3.95,4.07,57604276
2020-05-07,4.09,4.10,4.00,4.01,45191088
2020-05-08,4.03,4.07,3.99,4.04,52594408
2020-05-11,4.05,4.09,4.03,4.06,47649800
2020-05-12,4.04,4.06,3.95,3.99,44115828
2020-05-13,3.95,3.99,3.94,3.97,21288564
2020-05-14,3.95,3.97,3.90,3.91,27207006
2020-05-15,3.94,3.95,3.91,3.93,17917968
2020-05-18,3.94,4.07,3.89,4.04,59230616
2020-05-19,4.08,4.10,4.02,4.05,52353448
2020-05-20,4.03,4.05,3.99,4.00,31167156
2020-05-21,4.05,4.22,4.03,4.07,91401400
2020-05-22,4.06,4.11,3.99,4.01,61735748
2020-05-25,4.02,4.05,3.93,3.95,38661320
2020-05-26,3.95,3.99,3.94,3.98,29134958
2020-05-27,3.99,4.00,3.92,3.94,32400716
2020-05-28,3.96,4.04,3.95,4.04,48548664
2020-05-29,4.02,4.06,4.00,4.03,35395716
2020-06-01,4.04,4.12,4.02,4.09,56628344
2020-06-02,4.09,4.14,4.05,4.10,43076092
2020-06-03,4.13,4.15,4.08,4.08,46610296
2020-06-04,4.10,4.11,4.05,4.07,27147588
2020-06-05,4.08,4.09,4.02,4.09,30649680
2020-06-08,4.13,4.28,4.13,4.23,104516624
2020-06-09,4.30,4.34,4.19,4.20,63824748
2020-06-10,4.25,4.29,4.17,4.22,50428184
2020-06-11,4.26,4.29,4.20,4.23,62390480
2020-06-12,4.12,4.19,4.11,4.14,53539548
2020-06-15,4.13,4.17,4.07,4.07,49084968
2020-06-16,4.11,4.32,4.10,4.28,75193072
2020-06-17,4.28,4.34,4.24,4.32,75381424
2020-06-18,4.32,4.46,4.27,4.39,70833720
2020-06-19,4.38,4.39,4.28,4.34,55539516
2020-06-22,4.32,4.53,4.30,4.48,98566512
2020-06-23,4.44,4.47,4.39,4.44,46787844
2020-06-24,4.43,4.47,4.34,4.43,38574804
2020-06-29,4.40,4.40,4.28,4.30,45880968
2020-06-30,4.31,4.38,4.30,4.36,35352784
2020-07-01,4.39,4.52,4.33,4.52,108429104
2020-07-02,4.48,4.75,4.46,4.68,113531240
2020-07-03,4.70,5.06,4.67,4.92,135377376
2020-07-06,5.22,5.41,5.22,5.41,162433136
2020-07-07,5.62,5.95,5.58,5.66,316023360
2020-07-08,5.53,6.23,5.52,6.23,294282816
2020-07-09,6.40,6.85,6.38,6.85,262326128
2020-07-10,6.98,6.99,6.26,6.30,296340288
2020-07-13,6.43,6.86,6.43,6.65,255649536
2020-07-14,6.68,7.32,6.60,7.00,253907056
2020-07-15,7.14,7.14,6.30,6.30,275245152
2020-07-16,6.18,6.43,6.01,6.02,149950144
2020-07-17,5.97,6.19,5.89,6.00,98404240
2020-07-20,6.04,6.60,6.04,6.60,179344608
2020-07-21,6.73,6.93,6.55,6.83,182656656
2020-07-22,7.06,7.16,6.47,6.71,170242704
2020-07-23,6.60,6.78,6.32,6.64,130860208
2020-07-24,6.56,6.65,6.16,6.21,136964064
2020-07-27,6.28,6.76,6.26,6.52,146776704
2020-07-28,6.74,6.77,6.33,6.43,141477472
2020-07-29,6.49,6.65,6.30,6.63,120858992
2020-07-30,6.70,7.11,6.63,6.78,183319584
2020-07-31,6.73,7.06,6.67,6.78,140114288
2020-08-03,6.73,7.18,6.62,7.04,171756928
2020-08-04,7.05,7.24,6.88,7.02,167732736
2020-08-05,7.00,7.03,6.68,6.92,144370512
2020-08-06,6.82,7.07,6.77,7.02,157215296
2020-08-07,7.00,7.01,6.54,6.65,150527680
2020-08-10,6.47,6.50,6.08,6.19,154341984
2020-08-11,6.21,6.25,6.02,6.04,95068240
2020-08-12,5.99,6.05,5.69,5.92,108901792
2020-08-13,5.94,5.99,5.88,5.92,55086792
2020-08-14,5.90,5.96,5.74,5.96,67900624
2020-08-17,5.94,6.21,5.86,6.20,97934024
2020-08-18,6.20,6.30,6.10,6.16,75242400
2020-08-19,6.19,6.27,6.07,6.17,81370672
2020-08-20,6.09,6.09,5.93,6.02,59394456
2020-08-21,6.10,6.43,6.07,6.26,118384784
2020-08-24,6.21,6.32,6.19,6.30,57477368
2020-08-25,6.30,6.30,6.01,6.05,81745576
2020-08-26,6.06,6.09,5.80,5.93,56182900
2020-08-27,5.95,6.05,5.90,5.93,35887928
2020-08-28,5.91,6.09,5.85,6.08,44611880
2020-08-31,6.11,6.33,6.08,6.11,68032448
2020-09-01,6.15,6.18,6.05,6.13,36501152
2020-09-02,6.10,6.12,5.90,5.96,70059608
2020-09-03,5.91,5.95,5.83,5.90,45145920
2020-09-04,5.72,5.79,5.64,5.71,58573160
2020-09-07,5.75,5.93,5.61,5.67,66136808
2020-09-08,5.68,5.88,5.59,5.85,54710696
2020-09-09,5.76,5.84,5.66,5.76,42238936
2020-09-10,5.79,5.98,5.67,5.68,62484064
2020-09-11,5.64,5.71,5.49,5.62,46108804
2020-09-14,5.67,5.74,5.51,5.58,37820508
2020-09-15,5.60,5.64,5.50,5.63,35346664
2020-09-16,5.60,5.64,5.53,5.60,29783320
2020-09-17,5.57,5.63,5.42,5.54,37601916
2020-09-18,5.55,5.98,5.54,5.92,86541928
2020-09-21,6.00,6.17,5.97,6.03,74661128
2020-09-22,5.92,5.99,5.83,5.84,45318396
2020-09-23,5.82,5.89,5.62,5.66,44657760
2020-09-24,5.50,5.54,5.40,5.42,53788844
2020-09-25,5.44,5.47,5.34,5.40,27792632
2020-09-28,5.40,5.46,5.35,5.39,24867882
2020-09-29,5.46,5.47,5.35,5.38,31374584
2020-09-30,5.30,5.32,4.89,4.96,99127456
2020-10-09,5.03,5.46,5.03,5.46,48504904
2020-10-12,5.46,5.53,5.22,5.46,96397368
2020-10-13,5.49,5.59,5.45,5.50,48676088
2020-10-14,5.50,5.50,5.40,5.46,34978116
2020-10-15,5.42,5.56,5.39,5.43,56581048
2020-10-16,5.45,5.65,5.43,5.50,82848896
2020-10-19,5.57,5.78,5.51,5.60,62723696
2020-10-20,5.54,5.57,5.46,5.54,36387672
2020-10-21,5.55,5.58,5.42,5.49,36895420
2020-10-22,5.48,5.68,5.40,5.64,51173612
2020-10-23,5.63,5.85,5.62,5.72,68492560
2020-10-26,5.73,5.83,5.62,5.78,48809936
2020-10-27,5.68,5.70,5.50,5.58,53515624
2020-10-28,5.57,5.78,5.51,5.78,55895316
2020-10-29,5.62,5.73,5.56,5.70,55949460
2020-10-30,5.70,5.74,5.48,5.49,51190412
2020-11-02,5.51,5.93,5.51,5.87,113516624
2020-11-03,5.96,6.15,5.93,5.99,117569992
2020-11-04,6.02,6.06,5.89,5.93,60140640
2020-11-05,6.05,6.08,5.93,6.05,64146804
2020-11-06,6.06,6.21,6.00,6.11,97679496
2020-11-09,6.26,6.72,6.26,6.72,151534368
2020-11-10,6.94,7.39,6.85,7.39,382731712
2020-11-11,7.40,7.65,7.24,7.50,342522176
2020-11-12,7.39,7.51,7.06,7.32,237718736
2020-11-13,7.46,7.75,7.25,7.39,216128384
2020-11-16,7.51,8.13,7.48,8.13,176519200
2020-11-17,8.35,8.80,7.86,8.08,351326208
2020-11-18,8.40,8.60,8.21,8.50,244059184
2020-11-19,8.42,8.57,8.00,8.40,211366240
2020-11-20,8.35,8.80,8.01,8.60,227046064
2020-11-23,8.60,9.15,8.56,8.75,236213440
2020-11-24,8.55,8.93,8.51,8.93,161990368
2020-11-25,9.06,9.16,8.68,8.86,196535792
2020-11-26,8.75,8.93,8.55,8.85,120064072
2020-11-27,8.85,8.93,8.45,8.89,135146928
2020-11-30,8.87,9.75,8.75,9.45,187278016
2020-12-01,9.31,9.57,9.12,9.54,123410160
2020-12-02,9.83,9.95,9.33,9.61,131742912
2020-12-03,9.30,9.32,8.65,8.65,170521776
2020-12-04,8.41,8.93,8.38,8.91,137420640
2020-12-07,8.90,9.03,8.68,8.78,105739816
2020-12-08,8.71,8.75,8.22,8.49,154949648
2020-12-09,8.45,8.60,8.31,8.33,105259368
2020-12-10,8.40,8.52,8.20,8.49,89702664
2020-12-11,8.66,8.71,7.92,8.07,165322512
2020-12-14,7.98,8.25,7.77,8.21,105013512
2020-12-15,8.14,8.22,7.95,8.16,67746264
2020-12-16,8.19,8.28,7.99,8.05,65551700
2020-12-17,7.97,8.61,7.92,8.47,166974624
2020-12-18,8.56,8.77,8.42,8.50,144575328
2020-12-21,8.33,8.46,8.10,8.20,138248416
2020-12-22,8.03,8.05,7.55,7.60,154337184
2020-12-23,7.55,7.75,7.50,7.59,98496992
2020-12-24,7.63,7.74,7.50,7.55,60363004
2020-12-25,7.60,7.96,7.47,7.84,113142128
2020-12-28,7.76,7.86,7.55,7.61,111853712
2020-12-29,7.58,7.59,7.34,7.36,74840104
2020-12-30,7.40,7.84,7.25,7.55,111230200
2020-12-31,7.52,7.66,7.37,7.53,70574160
2021-01-04,7.49,7.89,7.30,7.76,133458800
2021-01-05,7.79,8.41,7.66,8.18,173132240
2021-01-06,8.23,8.28,7.65,7.73,147695120
2021-01-07,7.63,8.16,7.51,7.97,172629840
2021-01-08,8.02,8.08,7.45,7.60,133782736
2021-01-11,7.48,7.48,6.84,6.84,158234176
2021-01-12,6.63,6.81,6.58,6.77,108702936
2021-01-13,6.76,6.90,6.57,6.66,101167720
2021-01-14,6.53,6.72,6.40,6.61,88910672
2021-01-15,6.66,6.88,6.62,6.78,78155120
2021-01-18,6.76,6.98,6.67,6.89,82704224
2021-01-19,6.82,6.90,6.66,6.79,67909712
2021-01-20,6.78,6.94,6.68,6.90,71740400
2021-01-21,6.88,7.55,6.79,7.43,171026656
2021-01-22,7.32,7.53,7.25,7.32,90219232
2021-01-25,7.28,7.49,7.13,7.29,93088632
2021-01-26,7.25,7.66,7.22,7.37,97431192
2021-01-27,7.38,7.50,7.12,7.49,96171232
2021-01-28,7.28,7.47,7.15,7.32,92050008
2021-01-29,7.34,7.70,7.31,7.55,109415376
2021-02-01,7.65,7.71,7.20,7.64,127848016
2021-02-02,7.55,7.62,7.38,7.43,73191856
2021-02-03,7.43,7.58,7.21,7.41,76709728
2021-02-04,7.36,7.88,7.33,7.72,125577792
2021-02-05,7.88,8.45,7.72,8.14,170578640
2021-02-08,8.23,8.95,8.18,8.95,171277632
2021-02-09,8.96,9.70,8.96,9.62,157934848
2021-02-10,9.50,9.66,9.27,9.47,124470184
2021-02-18,10.38,10.39,9.52,9.88,192998192
2021-02-19,9.93,10.29,9.50,9.87,155674656
2021-02-22,10.15,10.80,10.01,10.04,233820000
2021-02-23,10.00,10.43,9.65,9.82,188072112
2021-02-24,9.81,10.34,9.59,9.76,151225936
2021-02-25,10.41,10.74,10.41,10.61,234429008
2021-02-26,9.55,9.80,9.55,9.55,203287136
2021-03-01,9.43,9.75,9.32,9.70,130246032
2021-03-02,9.53,9.56,8.92,9.25,131154656
2021-03-03,9.59,10.18,9.53,10.15,191135280
2021-03-04,10.00,11.17,9.91,10.50,237112464
2021-03-05,9.91,10.13,9.45,9.80,193910208
2021-03-08,10.20,10.69,9.79,9.82,170340576
2021-03-09,10.09,10.52,9.35,10.05,159136736
2021-03-10,10.11,10.11,9.55,9.96,104282752
2021-03-11,10.41,10.96,10.31,10.96,172641184
2021-03-12,11.47,12.06,11.18,11.65,297088736
2021-03-15,12.11,12.65,11.78,12.12,238310128
2021-03-16,12.20,13.04,11.65,11.88,217440960
2021-03-17,11.88,11.93,11.11,11.28,152132816
2021-03-18,11.63,12.09,11.22,11.77,175832496
2021-03-19,11.45,11.98,11.00,11.45,123828624
2021-03-22,11.76,12.32,11.55,11.92,154798848
2021-03-23,11.78,11.80,10.73,10.73,133192008
2021-03-24,10.13,10.15,9.66,9.66,128203600
2021-03-25,9.24,9.55,9.02,9.32,186864256
2021-03-26,9.43,9.63,9.28,9.57,104261128
2021-03-29,9.70,10.11,9.52,9.90,108454688
2021-03-30,9.72,9.89,9.33,9.85,86245664
2021-03-31,9.65,9.77,9.45,9.67,66242636
2021-04-01,9.65,10.13,9.53,9.96,88316576
2021-04-02,10.00,10.11,9.52,9.71,82358784
2021-04-06,9.72,9.95,9.69,9.73,50641804
2021-04-07,9.69,10.14,9.58,10.02,101640648
2021-04-08,9.93,10.85,9.89,10.40,134489040
2021-04-09,10.60,10.90,10.25,10.62,114702520
2021-04-12,10.45,10.46,9.74,9.91,105251112
2021-04-13,9.76,10.34,9.50,10.32,109873248
2021-04-14,10.60,10.69,10.18,10.44,93114040
2021-04-15,10.50,11.46,10.44,11.28,169994320
2021-04-16,11.17,11.37,10.77,10.93,129967536
2021-04-19,10.74,11.15,10.54,11.12,90233408
2021-04-20,10.92,11.59,10.75,11.24,108395008
2021-04-21,10.95,11.18,10.75,10.89,83275312
2021-04-22,11.12,11.50,11.04,11.11,105316536
2021-04-23,11.03,11.42,10.93,11.33,92516104
2021-04-26,11.49,12.46,11.25,12.09,205171200
2021-04-27,12.45,12.76,11.97,12.18,155388576
2021-04-28,12.13,12.29,11.75,11.96,99887992
2021-04-29,12.30,12.80,11.89,12.58,133172952
2021-04-30,12.40,12.65,11.80,12.35,113402416
2021-05-06,13.00,13.59,12.91,13.48,155476992
2021-05-07,13.87,14.45,13.63,14.06,170645456
2021-05-10,14.54,15.47,14.54,15.47,167460992
2021-05-11,14.83,15.30,14.12,15.20,139470608
2021-05-12,14.82,15.18,14.65,15.02,76147736
2021-05-13,14.15,14.34,13.70,13.77,122361376
2021-05-14,14.28,14.34,13.60,13.93,96193936
2021-05-17,13.98,14.50,13.77,14.20,82247080
2021-05-18,14.76,14.85,14.05,14.23,69175768
2021-05-19,14.00,14.00,13.62,13.81,72945904
2021-05-20,12.96,13.33,12.59,13.25,116849360
2021-05-21,13.25,13.94,12.83,13.68,95353512
2021-05-24,13.11,13.36,12.89,13.05,77021232
2021-05-25,13.20,13.31,12.74,13.10,57222664
2021-05-26,13.09,13.15,12.88,13.00,47736520
2021-05-27,13.00,13.45,12.97,13.45,68074672
2021-05-28,13.80,14.65,13.80,14.24,125005520
2021-05-31,14.24,14.52,13.69,13.88,80371416
2021-06-01,13.65,14.40,13.21,14.24,91903688
2021-06-02,14.01,14.44,13.88,13.95,58913180
2021-06-03,13.83,14.32,13.71,13.86,55780536
2021-06-04,13.50,13.55,13.15,13.31,74186280
2021-06-07,13.50,13.66,13.26,13.30,49902236
2021-06-08,13.33,13.33,12.93,13.04,45179648
2021-06-09,13.13,13.45,13.02,13.30,46494648
2021-06-10,13.30,13.45,13.08,13.14,39934640
2021-06-11,13.42,14.30,13.29,14.21,110520712
2021-06-15,14.16,14.36,13.24,13.35,82466392
2021-06-16,13.15,13.15,12.22,12.26,91911472
2021-06-17,12.26,12.69,12.24,12.32,55218568
2021-06-18,11.91,11.99,11.60,11.91,92634576
2021-06-21,11.71,11.82,11.37,11.47,70484312
2021-06-22,11.66,11.69,11.44,11.62,46486152
2021-06-23,11.86,12.26,11.61,12.06,83353680
2021-06-24,12.11,12.30,11.72,11.83,58756548
2021-06-25,11.88,12.47,11.86,12.24,81090216
2021-06-28,12.24,12.24,11.86,11.94,56416652
2021-06-29,11.90,12.12,11.70,11.74,40124908
2021-06-30,11.79,11.91,11.59,11.90,41508592
2021-07-01,11.84,11.88,11.24,11.28,52670464
2021-07-02,11.11,11.57,11.01,11.42,46296004
2021-07-05,11.61,12.13,11.61,12.06,74980512
2021-07-06,12.05,12.18,11.77,11.99,43731392
2021-07-07,11.64,12.20,11.48,12.05,45522984
2021-07-08,12.05,12.49,11.82,11.88,66087604
2021-07-09,11.68,12.87,11.60,12.67,101896232
2021-07-12,13.00,13.20,12.62,12.77,96858920
2021-07-13,12.77,13.20,12.65,13.10,90246824
2021-07-14,13.00,13.27,12.61,12.99,75109440
2021-07-15,13.00,13.50,12.90,13.44,102165616
2021-07-16,13.68,14.65,13.51,14.20,117703864
2021-07-19,14.45,14.85,13.96,14.10,101008464
2021-07-20,13.60,13.76,13.19,13.61,79503360
2021-07-21,13.89,14.02,13.50,13.85,59172008
2021-07-22,13.98,14.40,13.60,14.02,84002448
2021-07-23,14.02,14.54,13.88,14.00,80660816
2021-07-26,14.02,14.64,13.92,14.07,93329800
2021-07-27,14.31,15.00,12.90,13.08,130198472
2021-07-28,12.90,13.39,12.60,12.85,78812472
2021-07-29,13.26,13.53,12.91,13.15,65964312
2021-07-30,13.40,14.32,13.16,14.21,116336920
2021-08-02,13.79,14.54,13.38,14.36,101488712
2021-08-03,14.05,14.16,12.92,13.10,123169712
2021-08-04,13.00,13.31,12.79,13.15,60170984
2021-08-05,13.00,13.05,12.25,12.64,90961768
2021-08-06,12.57,13.23,12.50,13.06,71212248
2021-08-09,12.92,13.67,12.80,13.28,81089992
2021-08-10,13.07,13.42,12.98,13.18,49734900
2021-08-11,13.63,14.50,13.62,14.50,137528272
2021-08-12,14.46,15.90,14.40,15.32,202910832
2021-08-13,15.26,15.45,14.96,15.27,110610536
2021-08-16,15.60,15.91,15.01,15.03,84857528
2021-08-17,15.17,15.51,14.90,15.12,76019368
2021-08-18,14.83,16.39,14.77,15.96,111661672
2021-08-19,15.45,15.56,14.67,15.08,92402480
2021-08-20,15.01,15.11,14.42,14.70,79118896
2021-08-23,15.10,15.37,14.76,15.05,61162320
2021-08-24,15.40,15.74,14.91,15.25,103301520
2021-08-25,15.43,16.32,15.32,16.01,114044304
2021-08-26,16.02,17.34,15.88,16.52,141736608
2021-08-27,16.46,17.30,16.23,17.22,100558248
2021-08-30,17.40,17.85,16.70,17.67,118770208
2021-08-31,17.31,17.71,16.88,17.56,90699152
2021-09-01,17.32,17.69,15.90,15.99,132187120
2021-09-02,15.85,17.10,15.72,16.73,105353376
2021-09-03,16.83,16.86,15.80,16.16,76897040
2021-09-06,17.00,17.70,16.26,16.83,100808640
2021-09-07,17.13,17.40,16.61,17.18,84000984
2021-09-08,17.15,18.90,16.85,18.90,87052624
2021-09-09,19.30,20.49,18.99,19.92,173166304
2021-09-10,19.99,20.94,19.75,20.04,141094304
2021-09-13,21.18,22.04,20.90,22.04,141508080
2021-09-14,21.42,23.18,21.16,22.20,222343952
2021-09-15,21.42,22.70,20.90,22.09,119705880
2021-09-16,22.85,23.58,22.00,22.45,117266872
2021-09-17,21.44,22.22,20.21,20.21,160517312
2021-09-22,19.69,20.45,18.95,19.69,146762064
2021-09-23,20.02,20.05,18.75,18.98,130765984
2021-09-24,18.95,18.95,17.37,17.53,155020864
2021-09-27,17.74,17.80,15.80,15.84,133057680
2021-09-28,15.98,16.11,15.40,15.60,91821480
2021-09-29,15.64,15.69,14.55,14.66,83293368
2021-09-30,14.99,15.02,14.61,14.83,77666128
2021-10-08,15.49,15.50,14.16,14.32,109295304
2021-10-11,14.57,14.59,14.08,14.27,80733096
2021-10-12,14.41,14.67,13.42,13.68,142188416
2021-10-13,13.82,13.92,13.28,13.59,124032128
2021-10-14,13.50,14.11,13.27,13.86,149878224
2021-10-15,13.66,13.90,13.13,13.60,169315152
2021-10-18,13.73,14.17,13.35,14.13,166697744
2021-10-19,13.92,13.95,13.67,13.82,120908000
2021-10-20,13.42,13.96,13.21,13.65,116029200
2021-10-21,13.99,14.30,13.63,13.86,148955200
2021-10-22,13.55,13.77,12.62,12.95,214484512
2021-10-25,12.93,13.19,12.67,13.13,104413272
2021-10-26,13.07,13.26,12.78,12.89,105215088
2021-10-27,12.73,12.91,12.20,12.33,159364112
2021-10-28,12.33,12.40,11.70,12.03,144713760
2021-10-29,12.20,12.22,11.86,11.89,116384808
2021-11-01,11.86,12.20,11.85,11.96,101809384
2021-11-02,12.06,12.09,11.22,11.48,148263984
2021-11-03,11.60,11.83,11.33,11.81,113811048
2021-11-04,11.80,11.82,11.26,11.36,139901216
2021-11-05,10.99,11.16,10.69,10.69,155649424
2021-11-08,10.80,10.98,10.71,10.77,89357704
2021-11-09,10.88,10.89,10.57,10.69,77684128
2021-11-10,10.60,10.87,10.20,10.75,148033568
2021-11-11,10.80,11.03,10.64,10.90,137597728
2021-11-12,11.05,11.19,10.50,10.51,163345120
2021-11-15,10.53,10.73,10.35,10.56,103144856
2021-11-16,10.50,10.54,10.16,10.20,136392576
2021-11-17,10.11,10.42,10.09,10.37,86399144
2021-11-18,10.39,10.55,10.27,10.36,91242400
2021-11-19,10.44,11.06,10.25,10.80,184293184
2021-11-22,10.69,10.87,10.53,10.81,130953344
2021-11-23,10.80,11.19,10.74,10.87,159911536
2021-11-24,10.81,11.46,10.76,11.43,200337232
2021-11-25,11.47,11.50,11.12,11.24,131963168
2021-11-26,11.14,11.33,11.02,11.03,96200928
2021-11-29,10.71,11.01,10.61,10.85,84105360
2021-11-30,10.85,11.08,10.50,10.69,97545696
2021-12-01,10.66,10.95,10.59,10.92,71831248
2021-12-02,10.85,10.90,10.67,10.78,61543124
2021-12-03,10.75,11.14,10.58,11.01,106890184
2021-12-06,11.12,12.05,11.07,11.49,252366288
2021-12-07,11.51,11.70,11.08,11.47,175942928
2021-12-08,12.01,12.20,11.57,11.70,181962304
2021-12-09,11.55,11.74,11.50,11.57,125954616
2021-12-10,11.47,11.74,11.24,11.66,126653056
2021-12-13,11.66,11.90,11.41,11.84,149839120
2021-12-14,11.70,11.75,11.42,11.43,109692688
2021-12-15,11.30,11.43,11.26,11.29,72571152
2021-12-16,11.27,11.60,11.25,11.56,101810880
2021-12-17,11.63,11.83,11.44,11.49,99979152
2021-12-20,11.49,11.72,11.30,11.31,77542856
2021-12-21,11.20,11.21,10.87,11.13,83822528
2021-12-22,11.20,11.30,11.06,11.21,66091536
2021-12-23,11.32,11.83,11.31,11.77,190777920
2021-12-24,11.69,11.69,11.27,11.31,101096008
2021-12-27,11.18,11.35,11.00,11.26,61312192
2021-12-28,11.26,11.27,11.06,11.16,55630460
2021-12-29,11.17,11.17,10.94,10.99,56401504
2021-12-30,10.99,11.55,10.98,11.36,107390784
2021-12-31,11.29,11.31,11.11,11.17,64115136
2022-01-04,11.11,11.21,11.01,11.17,62567616
2022-01-05,11.14,11.16,10.81,10.87,73620376
2022-01-06,10.98,11.07,10.90,11.02,52315036
2022-01-07,11.02,11.62,11.02,11.39,161984816
2022-01-10,11.40,12.16,11.35,11.95,197903952
2022-01-11,11.99,12.86,11.80,12.72,265139216
2022-01-12,12.97,12.98,12.50,12.66,169069024
2022-01-13,12.57,13.09,12.53,12.60,159448432
2022-01-14,12.32,12.52,12.05,12.13,122766080
2022-01-17,12.01,12.17,11.73,12.04,89666512
2022-01-18,11.97,12.68,11.93,12.50,135781472
2022-01-19,12.68,13.18,12.56,12.70,151170096
2022-01-20,12.65,12.96,12.51,12.62,109463512
2022-01-21,12.66,12.84,12.19,12.69,98840480
2022-01-24,12.39,12.39,11.93,12.17,94489808
2022-01-25,12.16,12.25,11.50,11.52,89489280
2022-01-26,11.77,12.25,11.71,11.98,98935296
2022-01-27,11.98,12.08,11.62,11.65,50663400
2022-01-28,11.41,11.58,10.49,10.79,157174064
2022-02-07,11.09,11.67,10.92,11.56,105763408
2022-02-08,11.55,12.55,11.50,12.50,129159776
2022-02-09,12.98,13.47,12.93,13.16,177943808
2022-02-10,13.50,13.88,13.29,13.38,172343472
2022-02-11,13.10,14.00,13.01,13.41,165841824
2022-02-14,13.18,13.51,12.75,12.90,120474192
2022-02-15,13.00,13.03,12.56,12.72,73943376
2022-02-16,12.62,12.92,12.50,12.84,75944264
2022-02-17,12.98,13.36,12.84,13.08,97724248
2022-02-18,12.90,13.65,12.86,13.56,119615280
2022-02-21,13.46,13.65,13.02,13.47,116674144
2022-02-22,13.73,14.37,13.35,14.21,175537568
2022-02-23,13.96,14.05,13.65,13.93,123118032
2022-02-24,13.80,15.18,13.71,14.50,214619904
2022-02-25,14.14,14.83,14.05,14.14,169697280
2022-02-28,14.38,14.51,14.01,14.41,130948168
2022-03-01,14.30,14.35,13.41,13.86,164076416
2022-03-02,14.20,15.21,14.20,14.73,240663920
2022-03-03,15.42,15.91,15.18,15.24,206312208
2022-03-04,15.49,16.16,15.10,15.57,167287824
2022-03-07,16.02,16.66,15.68,16.46,179071984
2022-03-08,15.50,15.95,14.81,15.24,177340928
2022-03-09,14.48,14.89,13.82,14.53,145465472
2022-03-10,14.20,14.77,13.75,14.40,103528608
2022-03-11,14.30,15.04,13.90,14.99,121783144
2022-03-14,14.54,14.73,13.49,13.49,138029520
2022-03-15,12.78,12.78,12.14,12.14,154625344
2022-03-16,12.27,12.62,11.41,12.51,147558400
2022-03-17,12.59,13.13,12.13,12.70,148477312
2022-03-18,12.78,13.53,12.77,13.43,129312984
2022-03-21,13.70,13.98,13.41,13.82,89876336
2022-03-22,13.98,14.60,13.75,14.02,137356720
2022-03-23,13.74,14.33,13.58,14.10,89066216
2022-03-24,14.48,14.70,14.23,14.38,100322488
2022-03-25,14.20,14.56,13.78,13.81,87133992
2022-03-28,13.68,14.65,13.41,14.50,109524456
2022-03-29,14.55,14.72,14.17,14.38,83135624
2022-03-30,14.03,14.15,13.70,13.97,84826120
2022-03-31,14.00,14.15,13.38,13.68,82640560
2022-04-01,13.46,13.82,13.36,13.51,51795576
2022-04-06,13.25,13.50,12.64,13.41,100578280
2022-04-07,13.10,13.18,12.64,12.82,94147728
2022-04-08,12.80,12.93,12.42,12.54,75106392
2022-04-11,12.30,12.34,11.70,11.82,82019992
2022-04-12,11.81,12.25,11.60,12.25,78695168
2022-04-13,12.10,13.32,12.04,12.95,133367680
2022-04-14,12.99,13.57,12.90,13.30,97455704
2022-04-15,13.30,13.59,13.11,13.16,96930240
2022-04-18,12.90,12.98,12.40,12.44,73625256
2022-04-19,12.71,13.07,12.63,12.87,68207352
2022-04-20,12.65,12.79,11.96,12.01,82565720
2022-04-21,12.00,12.20,11.52,11.64,72089280
2022-04-22,11.40,11.59,11.17,11.41,56405372
2022-04-25,10.90,10.90,10.27,10.27,98539032
2022-04-26,10.07,10.20,9.26,9.31,112806944
2022-04-27,9.22,10.24,9.08,10.24,102827984
2022-04-28,10.31,10.47,9.99,10.19,86239840
2022-04-29,10.31,10.55,10.10,10.51,75292744
2022-05-05,10.26,10.62,10.02,10.48,65875836
2022-05-06,10.14,10.22,10.00,10.06,54558292
2022-05-09,9.92,10.24,9.87,10.02,40372088
2022-05-10,9.78,10.10,9.61,10.10,54766024
2022-05-11,10.15,10.65,10.12,10.40,78470416
2022-05-12,10.41,10.56,10.01,10.18,65623352
2022-05-13,10.25,10.36,10.02,10.29,63855636
2022-05-16,10.52,10.68,10.29,10.47,78807528
2022-05-17,10.46,10.63,10.34,10.52,61095544
2022-05-18,10.52,10.55,10.26,10.37,46217356
2022-05-19,10.13,10.33,9.99,10.32,67860696
2022-05-20,10.66,11.35,10.62,11.35,151963552
2022-05-23,11.47,11.78,11.29,11.63,153870880
2022-05-24,11.40,11.57,10.98,10.98,108947200
2022-05-25,10.95,11.10,10.81,11.00,72794912
2022-05-26,11.02,11.44,10.74,11.19,81320104
2022-05-27,11.42,11.47,11.09,11.23,72455896
2022-05-30,11.20,11.62,11.18,11.46,91149344
2022-05-31,11.32,11.55,11.21,11.55,65109512
2022-06-01,11.26,11.30,11.07,11.24,66729768
2022-06-02,11.12,11.42,11.06,11.35,68471840
2022-06-06,11.48,11.79,11.47,11.68,79435960
2022-06-07,11.56,11.78,11.42,11.60,61451424
2022-06-08,11.61,11.91,11.35,11.82,86224704
2022-06-09,11.81,11.86,11.36,11.46,64114664
2022-06-10,11.11,11.72,11.06,11.66,81740416
2022-06-13,11.49,11.80,11.23,11.39,98542352
2022-06-14,11.17,11.27,10.60,11.14,144584576
2022-06-15,11.11,11.50,11.06,11.17,107916000
2022-06-16,11.40,11.64,11.13,11.31,109189472
2022-06-17,11.08,11.22,10.85,11.11,105344624
2022-06-20,11.00,11.04,10.50,10.60,147000640
2022-06-21,10.60,10.62,10.28,10.37,79304872
2022-06-22,10.41,10.44,10.13,10.21,59771600
2022-06-23,10.10,10.18,9.86,10.17,81144768
2022-06-24,10.12,10.14,9.93,9.94,99684880
2022-06-27,9.95,10.18,9.85,10.10,83347760
2022-06-28,10.16,10.27,9.95,10.19,191128912
2022-06-29,10.18,10.41,10.01,10.02,172962176
2022-06-30,9.97,10.03,9.82,9.88,129716327
2022-07-01,9.83,10.09,9.66,10.06,130318320
2022-07-04,9.95,10.02,9.87,10.00,81529224
2022-07-05,9.98,10.65,9.95,10.45,243367048
2022-07-06,10.25,10.27,9.90,9.93,153710628
2022-07-07,9.84,10.10,9.74,9.93,96420298
2022-07-08,9.98,10.07,9.84,9.87,65090204
2022-07-11,9.80,9.80,9.60,9.67,62039224
2022-07-12,9.61,9.83,9.61,9.66,55089012
2022-07-13,9.57,9.59,9.38,9.51,78013296
2022-07-14,9.45,9.50,9.40,9.43,46686924
2022-07-15,9.35,9.44,9.22,9.23,58278512
2022-07-18,9.41,9.62,9.36,9.60,76676776
2022-07-19,9.68,9.81,9.55,9.63,60406912
2022-07-20,9.60,9.64,9.52,9.57,48984872
2022-07-21,9.59,9.62,9.44,9.44,49242312
2022-07-22,9.41,9.69,9.41,9.58,67418873
2022-07-25,10.12,10.18,9.77,9.84,125088752
2022-07-26,9.80,9.84,9.57,9.82,61268800
2022-07-27,9.71,9.87,9.70,9.75,43020760
2022-07-28,9.86,9.97,9.77,9.84,57771224
2022-07-29,9.90,10.17,9.81,10.04,127639496
2022-08-01,10.03,10.21,9.89,10.10,87967249
2022-08-02,9.91,9.92,9.44,9.55,104763874
2022-08-03,9.47,9.72,9.33,9.35,62208384
2022-08-04,9.35,9.46,9.27,9.39,45330589
2022-08-05,9.42,9.85,9.38,9.75,73650488
2022-08-08,9.66,9.80,9.59,9.78,48084516
2022-08-09,9.76,9.90,9.72,9.88,64287368
2022-08-10,9.88,10.56,9.86,10.32,196237136
2022-08-11,10.30,10.59,10.22,10.37,140656192
2022-08-12,10.37,10.65,10.29,10.49,135253120
2022-08-15,10.47,10.89,10.32,10.69,147276640
2022-08-16,10.62,10.75,10.43,10.58,97571184
2022-08-17,10.69,10.70,10.38,10.61,89954176
2022-08-18,10.60,10.65,10.44,10.50,70967104
2022-08-19,10.43,10.58,10.30,10.41,82752954
2022-08-22,10.50,10.98,10.38,10.91,150409438
2022-08-23,10.83,11.05,10.55,10.82,132303728
2022-08-24,10.99,11.10,10.65,10.70,117944948
2022-08-25,10.68,11.40,10.66,11.31,233420461
2022-08-26,11.27,11.45,11.00,11.02,114332452
2022-08-29,10.80,11.08,10.52,10.95,69161640
2022-08-30,10.93,10.94,10.45,10.52,81068206
2022-08-31,10.41,10.44,9.95,10.09,92321008
2022-09-01,10.19,10.28,10.00,10.05,54560176
2022-09-02,10.00,10.13,9.85,10.05,49882362
2022-09-05,10.04,10.12,9.80,9.87,59364932
2022-09-06,9.90,10.25,9.87,10.22,65312570
2022-09-07,10.13,11.24,10.10,11.24,236324320
2022-09-08,11.25,11.29,10.83,11.07,201685024
2022-09-09,11.18,11.90,11.11,11.66,214208907
2022-09-13,11.81,11.86,11.38,11.45,136300288
2022-09-14,11.00,11.28,10.88,10.90,134236988
2022-09-15,10.93,11.00,10.33,10.51,130509196
2022-09-16,10.47,10.60,10.03,10.04,115808053
2022-09-19,9.95,10.16,9.87,9.95,88512424
2022-09-20,10.03,10.25,9.97,10.11,78259490
2022-09-21,10.01,10.31,9.84,10.28,74882469
2022-09-22,10.10,10.29,9.91,9.99,88296979
2022-09-23,9.97,10.03,9.53,9.67,91110253
2022-09-26,9.45,9.62,9.15,9.18,85066200
2022-09-27,9.22,9.30,9.05,9.30,70398152
2022-09-28,9.19,9.20,8.90,8.96,69956926
2022-09-29,9.29,9.32,8.96,9.02,41249833
2022-09-30,9.05,9.32,9.04,9.21,74932032
2022-10-10,9.19,9.35,9.02,9.15,51110009
2022-10-11,9.15,9.26,9.06,9.22,37735487
2022-10-12,9.21,9.55,9.13,9.54,57112236
2022-10-13,9.63,9.70,9.44,9.52,56605315
2022-10-14,9.57,9.66,9.47,9.62,61947443
2022-10-17,9.48,9.56,9.29,9.50,57009665
2022-10-18,9.50,9.51,9.33,9.42,52553878
2022-10-19,9.36,9.41,9.23,9.23,34947146
2022-10-20,9.23,9.32,9.09,9.20,36992792
2022-10-21,9.29,9.31,9.18,9.23,26066587
2022-10-24,9.26,9.35,9.10,9.13,34135054
2022-10-25,9.10,9.21,8.91,9.19,37617643
2022-10-26,9.19,9.65,9.14,9.56,85761932
2022-10-27,9.61,9.84,9.56,9.64,69302368
2022-10-28,9.60,9.60,9.20,9.26,56480625
2022-10-31,9.19,9.36,9.07,9.17,37314552
2022-11-01,9.21,9.43,9.16,9.43,40438543
2022-11-02,9.40,9.82,9.38,9.64,65319124
2022-11-03,9.52,9.73,9.51,9.60,33212741
2022-11-04,9.58,9.95,9.58,9.88,59675128
2022-11-07,10.08,10.24,10.03,10.14,79192382
2022-11-08,10.10,10.18,9.92,10.11,48434513
2022-11-09,10.22,10.40,10.17,10.18,54043552
2022-11-10,10.01,10.08,9.94,9.97,36384089
2022-11-11,10.34,10.56,10.21,10.49,105376968
2022-11-14,10.68,10.80,10.27,10.36,78231160
2022-11-15,10.33,10.55,10.21,10.48,56916140
2022-11-16,10.47,10.52,10.30,10.38,35613012
2022-11-17,10.26,10.42,10.20,10.30,40339769
2022-11-18,10.27,10.29,10.15,10.15,31012826
2022-11-21,10.06,10.15,9.93,10.13,24645384
2022-11-22,10.10,10.36,10.05,10.12,32123052
2022-11-23,10.16,10.24,10.08,10.15,25303366
2022-11-24,10.29,10.31,10.11,10.13,23516840
2022-11-25,10.09,10.28,10.00,10.20,30748494
2022-11-28,10.04,10.19,9.86,10.08,35313992
2022-11-29,10.23,10.78,10.18,10.65,87641891
2022-11-30,10.53,10.74,10.51,10.64,41403578
2022-12-01,10.95,11.15,10.77,10.87,88025601
2022-12-02,10.85,10.89,10.65,10.71,36964808
2022-12-05,10.85,11.78,10.85,11.71,165037226
2022-12-06,11.60,12.04,11.51,11.92,123613248
2022-12-07,11.89,11.92,11.44,11.65,96482440
2022-12-08,11.53,11.80,11.39,11.69,60022144
2022-12-09,11.80,12.40,11.68,12.30,115527800
2022-12-12,12.10,12.30,11.68,11.80,77600355
2022-12-13,11.69,11.95,11.62,11.79,37023447
2022-12-14,11.80,12.22,11.79,11.94,40391328
2022-12-15,11.83,11.88,11.55,11.69,43838051
2022-12-16,11.52,11.79,11.47,11.72,33323220
2022-12-19,11.78,11.85,11.26,11.36,35567080
2022-12-20,11.32,11.35,10.95,11.12,36089874
2022-12-21,11.21,11.25,10.89,10.95,29443133
2022-12-22,10.95,11.08,10.53,10.59,43355316
2022-12-23,10.49,10.61,10.42,10.54,22189400
2022-12-26,10.59,10.88,10.50,10.82,39054147
2022-12-27,10.80,11.63,10.80,11.40,54733883
2022-12-28,11.31,11.54,11.15,11.21,37135432
2022-12-29,11.12,11.24,10.99,11.13,32608038
2022-12-30,11.19,11.31,10.97,11.12,33344858
2023-01-03,11.10,11.19,10.80,11.12,34815835
2023-01-04,11.00,11.10,10.86,10.88,29763679
2023-01-05,10.77,10.91,10.75,10.82,39893024
2023-01-06,10.80,11.33,10.80,11.00,50810133
2023-01-09,11.17,11.82,11.10,11.53,63473098
2023-01-10,11.65,12.30,11.63,12.04,91533045
2023-01-11,12.10,12.58,12.08,12.49,94006320
2023-01-12,12.51,13.00,12.50,12.68,75255726
2023-01-13,12.88,12.93,12.53,12.70,59011232
2023-01-16,12.95,13.03,12.68,12.78,48419813
2023-01-17,12.71,12.85,12.63,12.79,29652467
2023-01-18,12.80,13.16,12.77,13.02,34334831
2023-01-19,12.85,13.03,12.79,12.90,20156549
2023-01-20,13.00,13.51,12.92,13.43,47002565
2023-01-30,13.71,13.78,13.17,13.33,48572597
2023-01-31,13.27,13.76,13.15,13.45,34998380
2023-02-01,13.78,13.98,13.56,13.80,53523371
2023-02-02,13.80,13.82,13.38,13.73,57434830
2023-02-03,13.60,13.68,13.39,13.54,44158541
2023-02-06,13.21,13.43,13.05,13.43,46406880
2023-02-07,13.41,13.56,13.25,13.43,36143428
2023-02-08,13.43,13.50,13.01,13.06,41426615
2023-02-09,13.00,13.15,12.96,13.07,35607801
2023-02-10,13.08,13.09,12.70,12.81,38366772
2023-02-13,12.80,13.24,12.62,13.05,51541517
2023-02-14,13.14,13.79,13.05,13.43,69060361
2023-02-15,13.36,13.92,13.34,13.57,43486466
2023-02-16,13.50,13.58,12.87,13.02,53756325
2023-02-17,13.14,13.60,13.11,13.35,46028889
2023-02-20,13.56,14.50,13.56,14.33,82700235
2023-02-21,14.37,14.56,14.12,14.36,48317792
2023-02-22,14.20,14.25,13.92,14.03,39104872
2023-02-23,14.00,14.13,13.85,14.06,28468693
2023-02-24,13.94,13.95,13.47,13.53,44955093
2023-02-27,13.30,13.62,13.21,13.43,33059371
2023-02-28,13.52,13.57,13.17,13.34,38960476
2023-03-01,13.38,14.10,13.26,14.02,57585993
2023-03-02,14.00,14.34,13.85,13.97,37690379
2023-03-03,13.89,14.00,13.62,13.92,30858945
2023-03-06,13.87,13.90,13.25,13.46,56473978
2023-03-07,13.43,13.95,13.35,13.58,42246961
2023-03-08,13.36,13.45,13.23,13.32,31209877
2023-03-09,13.41,13.43,13.06,13.22,26511934
2023-03-10,13.01,13.17,12.80,12.84,32233171
2023-03-13,12.81,13.03,12.68,12.93,39194224
2023-03-14,12.95,13.24,12.74,12.76,34725416
2023-03-15,12.76,12.95,12.73,12.86,22059946
2023-03-16,12.56,12.56,12.18,12.27,54788453
2023-03-17,12.40,12.94,12.34,12.84,51631139
2023-03-20,12.90,13.30,12.84,13.09,42801624
2023-03-21,13.06,13.20,12.85,13.14,23539899
2023-03-22,13.18,13.48,13.02,13.07,34611416
2023-03-23,13.13,13.63,13.02,13.50,40741510
2023-03-24,13.49,14.01,13.35,13.71,54449655
2023-03-27,13.68,13.82,13.46,13.60,26131488
2023-03-28,13.65,13.96,13.39,13.45,34841754
2023-03-29,13.44,13.52,13.19,13.38,26482164
2023-03-30,13.35,13.51,13.02,13.46,31325399
2023-03-31,13.40,13.77,13.37,13.61,36172176
2023-04-03,13.56,13.65,13.10,13.14,52433361
2023-04-04,13.00,13.44,12.65,13.29,46093949
2023-04-06,13.14,13.33,12.92,13.11,24073627
2023-04-07,13.11,13.40,13.03,13.10,24497843
2023-04-10,13.02,13.79,13.00,13.53,45233079
2023-04-11,13.48,13.73,13.32,13.69,33775375
2023-04-12,13.64,14.50,13.60,14.26,59075520
2023-04-13,14.19,14.83,14.19,14.36,51872304
2023-04-14,14.60,15.26,14.50,15.17,72376334
2023-04-17,15.05,16.11,14.94,15.95,87841016
2023-04-18,15.96,16.06,15.56,15.85,54709978
2023-04-19,15.90,16.06,15.60,15.69,41845668
2023-04-20,15.68,15.68,15.00,15.56,60307521
2023-04-21,15.41,15.49,14.98,15.02,33755144
2023-04-24,15.00,15.05,14.28,14.42,53416272
2023-04-25,14.51,14.76,14.25,14.46,35302504
2023-04-26,14.20,14.72,13.72,14.20,49478936
2023-04-27,14.10,14.20,13.78,13.94,36002860
2023-04-28,14.00,14.40,13.97,14.22,34206690
2023-05-04,14.10,14.32,13.73,14.08,29336050
2023-05-05,14.00,14.20,13.40,13.56,41938652
2023-05-08,13.60,14.56,13.60,14.39,43774314
2023-05-09,14.39,14.49,13.71,13.72,44645605
2023-05-10,13.72,13.88,13.56,13.79,23201706
2023-05-11,13.73,13.75,13.22,13.35,40762452
2023-05-12,13.10,13.14,12.49,12.85,67947664
2023-05-15,12.80,12.97,12.57,12.90,38238219
2023-05-16,12.95,13.26,12.88,13.04,35104776
2023-05-17,12.99,13.10,12.82,12.88,19330269
2023-05-18,13.13,13.24,12.83,12.91,26073221
2023-05-19,12.80,12.82,12.52,12.70,26903761
2023-05-22,12.60,12.89,12.60,12.81,19932062
2023-05-23,12.90,13.05,12.50,12.50,26220594
2023-05-24,12.40,12.46,12.15,12.22,26522514
2023-05-25,12.18,12.22,11.83,12.02,31528826
2023-05-26,12.02,12.48,11.85,12.39,28307963
2023-05-29,12.30,12.53,12.21,12.43,21619988
2023-05-30,12.32,12.51,12.16,12.34,32157984
2023-05-31,12.27,12.33,12.02,12.10,29517820
2023-06-01,12.14,12.60,12.02,12.40,39483976
2023-06-02,12.50,13.08,12.50,13.00,65661510
2023-06-05,12.95,13.13,12.79,12.84,30469950
2023-06-06,12.75,13.50,12.75,13.11,72975752
2023-06-07,13.13,13.30,12.85,12.94,28592042
2023-06-08,12.89,13.09,12.70,12.93,27946060
2023-06-09,13.03,13.21,12.82,12.90,30098936
2023-06-12,12.78,13.17,12.71,13.05,40157400
2023-06-13,12.90,13.17,12.81,13.13,27305490
2023-06-14,13.23,13.64,13.06,13.41,52771680
2023-06-15,13.30,13.58,13.10,13.50,38888716
2023-06-16,13.50,13.83,13.39,13.75,43110784
2023-06-19,13.60,13.66,13.01,13.06,56313276
2023-06-20,12.98,13.11,12.88,12.98,27651788
2023-06-21,12.91,13.03,12.68,12.68,25857423
2023-06-26,12.50,12.63,12.33,12.35,23203832
2023-06-27,12.35,13.15,12.34,12.99,36106468
2023-06-28,13.02,13.03,12.70,12.93,19224650
2023-06-29,12.92,12.92,12.58,12.60,22204967
2023-06-30,12.46,12.84,12.44,12.73,22361232
2023-07-03,12.70,13.18,12.68,13.00,37676744
2023-07-04,13.20,13.24,12.70,12.87,30690392
2023-07-05,12.79,13.05,12.71,12.93,23939488
2023-07-06,12.91,12.94,12.67,12.70,19779728
2023-07-07,12.63,13.45,12.53,13.01,63230824
2023-07-10,12.82,12.92,12.59,12.76,37237488
2023-07-11,12.72,12.75,12.42,12.47,37387768
2023-07-12,12.48,12.66,12.38,12.46,26157596
2023-07-13,12.60,13.16,12.59,13.15,81485200
2023-07-14,13.18,13.43,13.02,13.13,37711776
2023-07-17,13.00,13.06,12.71,12.77,25322108
2023-07-18,12.77,13.09,12.77,12.96,19940808
2023-07-19,12.91,13.25,12.90,13.18,34348352
2023-07-20,13.19,13.88,13.18,13.55,73528336
2023-07-21,13.57,13.59,13.29,13.36,32910230
2023-07-24,13.35,13.39,12.99,13.15,32251645
2023-07-25,13.55,14.47,13.52,14.33,109559830
2023-07-26,14.50,14.58,14.25,14.44,52521053
2023-07-27,14.46,14.80,14.33,14.47,43884427
2023-07-28,14.20,14.91,14.12,14.75,52884154
2023-07-31,14.85,15.32,14.72,14.84,49422616
2023-08-01,14.90,15.46,14.88,14.99,52664682
2023-08-02,14.86,15.25,14.64,15.08,36285281
2023-08-03,14.87,14.97,14.63,14.69,41877081
2023-08-04,14.89,15.18,14.84,14.91,27618150
2023-08-07,14.85,15.01,14.62,14.90,20162480
2023-08-08,14.87,15.28,14.78,15.12,26029368
2023-08-09,15.00,15.38,14.81,14.90,19685196
2023-08-10,14.80,14.95,14.68,14.76,21442972
2023-08-11,14.72,15.00,14.43,14.48,26600797
2023-08-14,14.30,14.64,14.20,14.50,20443173
2023-08-15,14.50,14.76,14.33,14.52,14126842
2023-08-16,14.51,14.83,14.36,14.61,27667283
2023-08-17,14.51,14.78,14.25,14.75,16918871
2023-08-18,14.75,14.83,14.38,14.38,16682898
2023-08-21,14.29,14.75,14.28,14.40,17976011
2023-08-22,14.40,14.52,14.16,14.32,35267635
2023-08-23,14.39,14.45,13.86,14.09,32617481
2023-08-24,14.17,14.44,14.07,14.16,21102536
2023-08-25,14.06,14.20,13.75,13.93,24903744
2023-08-28,14.83,14.83,13.90,14.14,33532598
2023-08-29,14.09,14.45,14.02,14.42,27063950
2023-08-30,14.42,14.94,14.37,14.40,25031186
2023-08-31,14.58,14.83,14.30,14.44,26191668
2023-09-01,14.55,15.88,14.55,15.69,92004408
2023-09-04,15.60,16.45,15.50,16.21,92842184
2023-09-05,15.98,16.04,15.61,15.68,41138426
2023-09-06,15.68,15.83,15.47,15.73,33623634
2023-09-07,15.66,15.75,15.39,15.51,28778502
2023-09-08,15.38,15.56,15.21,15.33,18672212
2023-09-11,15.39,15.67,15.30,15.59,43491992
2023-09-12,15.65,15.70,15.03,15.07,41307524
2023-09-13,14.95,15.20,14.86,15.14,31229788
2023-09-14,15.09,15.39,15.02,15.17,27549612
2023-09-15,15.34,15.55,15.01,15.25,40997789
2023-09-18,15.11,15.25,14.70,15.16,33614253
2023-09-19,15.24,15.28,15.06,15.26,22702610
2023-09-20,15.22,15.26,14.92,15.02,20951544
2023-09-21,15.10,15.12,14.87,14.96,18535753
2023-09-22,14.90,14.95,14.40,14.90,51053440
2023-09-25,14.87,15.07,14.56,14.61,39014442
2023-09-26,14.55,15.26,14.49,14.96,40782263
2023-09-27,14.98,15.23,14.89,15.02,22016913
2023-09-28,15.15,15.55,14.95,15.10,26201221
2023-10-09,14.96,15.18,14.69,15.13,24503519
2023-10-10,15.12,15.33,14.80,14.85,26250005
2023-10-11,14.97,15.00,14.65,14.81,22448858
2023-10-12,14.79,14.95,14.56,14.83,18471309
2023-10-13,14.68,14.72,14.19,14.35,36348228
2023-10-16,14.18,14.40,14.00,14.07,33063894
2023-10-17,14.15,14.17,13.83,13.96,25545969
2023-10-18,13.96,14.13,13.90,13.99,24665920
2023-10-19,13.87,14.02,13.82,13.87,16028513
2023-10-20,13.87,13.96,13.71,13.74,18370408
2023-10-23,13.66,13.69,13.20,13.40,26909912
2023-10-24,13.42,13.62,13.14,13.19,32935463
2023-10-25,13.77,14.19,13.46,13.46,50267376
2023-10-26,13.32,13.52,13.15,13.42,27397800
2023-10-27,13.27,13.72,13.27,13.39,38034792
2023-10-30,13.38,14.04,13.38,13.89,55571456
2023-10-31,13.81,14.01,13.79,13.92,25269092
2023-11-01,13.90,14.11,13.75,14.04,19699762
2023-11-02,14.12,14.22,13.66,13.70,26007972
2023-11-03,13.75,13.83,13.53,13.57,23098676
2023-11-06,13.75,13.75,13.03,13.21,63348764
2023-11-07,13.21,13.25,12.56,13.03,60079132
2023-11-08,13.01,13.03,12.70,12.82,40063200
2023-11-09,12.78,13.05,12.71,12.93,33164636
2023-11-10,12.85,12.86,12.70,12.73,17538120
2023-11-13,12.64,12.77,12.57,12.74,22156760
2023-11-14,12.74,13.03,12.67,12.98,31682896
2023-11-15,13.20,13.66,13.20,13.38,55528100
2023-11-16,13.30,13.40,13.11,13.28,26004216
2023-11-17,13.21,13.28,12.94,13.26,25499632
2023-11-20,13.28,13.35,13.00,13.09,26040402
2023-11-21,13.16,13.47,13.12,13.21,35812016
2023-11-22,13.15,13.17,12.95,12.95,23170204
2023-11-23,12.89,13.11,12.80,13.10,16213023
2023-11-24,13.09,13.12,12.95,13.07,17480068
2023-11-27,12.98,13.18,12.89,12.99,17731080
2023-11-28,13.01,13.02,12.82,12.97,21461418
2023-11-29,12.98,13.07,12.88,12.92,16631055
2023-11-30,12.95,12.96,12.77,12.87,21055220
2023-12-01,12.91,12.91,12.64,12.77,27166900
2023-12-04,12.83,13.00,11.77,11.98,98175952
2023-12-05,11.84,11.86,11.66,11.69,42160148
2023-12-06,11.65,11.79,11.51,11.75,33328868
2023-12-07,11.71,11.80,11.60,11.72,29534440
2023-12-08,11.72,11.89,11.60,11.80,51668296
2023-12-11,11.70,11.70,11.40,11.59,47694480
2023-12-12,11.43,11.59,11.21,11.47,40323180
2023-12-13,11.44,11.46,11.13,11.13,32997834
2023-12-14,11.30,11.35,11.04,11.06,40677344
2023-12-15,11.32,11.75,11.17,11.20,54682684
2023-12-18,11.25,11.25,10.98,11.12,21293840
2023-12-19,11.11,11.21,11.06,11.15,20553152
2023-12-20,11.19,11.33,11.16,11.19,29309382
2023-12-21,11.10,11.36,11.03,11.34,24959008
2023-12-22,11.36,11.72,11.18,11.50,59593396
2023-12-25,11.50,11.50,11.14,11.40,36449911
2023-12-26,11.37,11.39,11.16,11.26,24272520
2023-12-27,11.25,11.50,11.22,11.42,32039724
2023-12-28,11.65,12.28,11.63,12.07,95245112
2023-12-29,11.92,12.27,11.88,12.22,52056028
2024-01-02,12.17,12.52,12.06,12.34,46401996
2024-01-03,12.20,12.33,11.90,11.98,55480480
2024-01-04,11.86,11.88,11.65,11.79,47762944
2024-01-05,11.74,11.97,11.67,11.83,33739152
2024-01-08,11.78,11.85,11.57,11.70,28945962
2024-01-09,11.63,11.82,11.55,11.75,27466697
2024-01-10,11.65,11.77,11.50,11.52,27196850
2024-01-11,11.45,11.55,11.33,11.42,34654394
2024-01-12,11.36,11.72,11.33,11.64,37716218
2024-01-15,11.56,11.62,11.35,11.47,22898340
2024-01-16,11.46,11.54,11.22,11.41,23042600
2024-01-17,11.38,11.40,11.01,11.01,23830800
2024-01-18,10.86,10.86,10.30,10.66,45909320
2024-01-19,10.57,10.79,10.48,10.61,27622660
2024-01-22,10.58,10.61,9.94,9.99,25809796
2024-01-23,9.99,10.30,9.88,10.23,29303360
2024-01-24,10.45,10.54,10.17,10.54,26005022
2024-01-25,10.53,10.98,10.45,10.98,35392603
2024-01-26,10.95,11.35,10.89,11.22,38401777
2024-01-29,11.26,11.50,11.16,11.17,36059420
2024-01-30,11.08,11.22,10.85,10.88,23154144
2024-01-31,10.82,11.01,10.63,10.72,27643108
2024-02-01,10.67,10.89,10.50,10.60,26233246
2024-02-02,10.60,10.75,10.00,10.33,32938308
2024-02-05,10.20,10.45,9.73,10.01,38518428
2024-02-06,9.88,10.77,9.82,10.62,37361588
2024-02-07,10.57,10.89,10.50,10.77,39991761
2024-02-08,10.80,11.20,10.62,11.06,44460560
2024-02-19,11.15,11.64,11.01,11.42,44902652
2024-02-20,11.39,11.60,11.20,11.41,31124325
2024-02-21,11.39,11.83,11.36,11.61,34713169
2024-02-22,11.61,11.73,11.43,11.72,29521278
2024-02-23,11.70,11.82,11.60,11.69,22579793
2024-02-26,11.69,11.81,11.46,11.50,29606680
2024-02-27,11.42,11.72,11.42,11.67,26376994
2024-02-28,11.60,11.79,11.35,11.36,34364025
2024-02-29,11.25,11.60,11.25,11.60,20923631
2024-03-01,11.61,11.92,11.59,11.86,31914879
2024-03-04,11.91,12.15,11.81,12.02,38381848
2024-03-05,12.03,12.07,11.80,11.93,36087612
2024-03-06,11.87,12.03,11.76,11.99,32586906
2024-03-07,12.05,13.00,12.05,12.46,82915091
2024-03-08,12.64,12.75,12.17,12.58,58089700
2024-03-11,12.46,12.65,12.23,12.43,45673305
2024-03-12,12.41,12.41,11.90,12.01,51799489
2024-03-13,11.95,12.23,11.91,12.17,42790351
2024-03-14,12.45,12.58,12.06,12.18,45288338
2024-03-15,12.05,12.54,11.92,12.53,58077930
2024-03-18,12.60,12.84,12.42,12.75,68308179
2024-03-19,12.61,13.04,12.58,12.72,48231293
2024-03-20,12.64,12.75,12.45,12.63,34408026
2024-03-21,12.88,13.19,12.63,12.97,61851220
2024-03-22,12.81,13.09,12.67,12.79,43564448
2024-03-25,12.70,13.43,12.70,13.26,83581184
2024-03-26,13.34,13.37,12.90,13.11,42870956
2024-03-27,12.88,13.13,12.76,12.77,35305952
2024-03-28,13.00,13.90,12.93,13.62,83051680
2024-03-29,13.79,14.30,13.59,13.80,91851837
2024-04-01,14.16,14.40,13.94,14.12,75662968
2024-04-02,14.01,14.40,13.94,14.24,48430720
2024-04-03,14.38,15.58,14.26,15.14,101104104
2024-04-08,15.05,15.66,14.57,14.72,103304912
2024-04-09,14.54,14.76,14.13,14.27,82032827
2024-04-10,14.27,14.61,14.07,14.39,71698567
2024-04-11,14.05,15.14,13.94,14.50,70573261
2024-04-12,14.65,14.99,14.30,14.76,60750739
2024-04-15,15.00,15.49,14.30,15.36,79738467
2024-04-16,14.92,15.26,14.39,14.46,64428325
2024-04-17,14.40,15.02,14.32,14.99,50109144
2024-04-18,14.78,14.90,14.50,14.80,49818708
2024-04-19,14.70,15.09,14.36,14.54,48222333
2024-04-22,14.78,15.00,14.30,14.31,57239630
2024-04-23,13.81,14.04,13.60,13.68,70249843
2024-04-24,13.62,14.01,13.55,13.91,41423166
2024-04-25,13.88,14.59,13.72,14.35,42286977
2024-04-26,14.30,14.83,14.15,14.67,58887702
2024-04-29,14.55,14.59,14.14,14.37,51532339
2024-04-30,14.43,14.89,14.31,14.39,46596607
2024-05-06,14.37,14.68,14.09,14.67,55042232
2024-05-07,14.63,15.10,14.60,14.80,53366571
2024-05-08,14.63,14.81,14.44,14.58,31875819
2024-05-09,14.58,15.20,14.55,15.01,53108761
2024-05-10,15.06,15.25,14.85,15.10,51594285
2024-05-13,14.75,15.00,14.47,14.84,42230831
2024-05-14,15.00,15.20,14.78,14.90,38096607
2024-05-15,14.70,14.81,14.30,14.39,45371026
2024-05-16,14.58,14.88,14.51,14.61,46137430
2024-05-17,14.59,14.89,14.31,14.89,38461455
2024-05-20,15.20,15.60,14.89,15.47,87359755
2024-05-21,15.91,15.99,14.66,14.76,94859378
2024-05-22,15.00,15.06,14.60,14.71,51423706
2024-05-23,14.30,14.39,14.01,14.12,54216448
2024-05-24,14.10,14.33,14.06,14.09,26018320
2024-05-27,14.12,14.48,14.12,14.43,39442322
2024-05-28,14.48,14.90,14.43,14.50,47171448
