Date,Open,High,Low,Close,Vol
2021-03-31,1140.00,1200.00,1140.00,1180.00,893125
2021-04-01,1168.00,1212.55,1161.21,1202.10,241312
2021-04-02,1190.00,1305.94,1188.02,1226.10,192645
2021-04-06,1226.10,1246.39,1210.00,1241.00,105992
2021-04-07,1241.00,1248.00,1221.01,1235.00,57565
2021-04-08,1235.00,1241.69,1225.04,1236.00,39252
2021-04-09,1226.90,1253.90,1212.50,1241.50,45806
2021-04-12,1240.00,1240.00,1215.00,1219.86,41830
2021-04-13,1219.86,1230.00,1210.02,1216.00,16391
2021-04-14,1216.00,1216.98,1195.12,1211.00,16274
2021-04-15,1211.00,1224.00,1199.00,1210.00,15740
2021-04-16,1210.00,1216.00,1194.60,1213.00,11085
2021-04-19,1210.00,1237.00,1206.21,1233.00,26400
2021-04-20,1230.30,1236.49,1216.00,1235.00,12917
2021-04-21,1235.00,1256.20,1228.04,1249.98,19379
2021-04-22,1240.02,1268.80,1240.02,1258.87,17687
2021-04-23,1258.87,1278.00,1248.75,1272.00,44566
2021-04-26,1272.00,1285.10,1249.50,1250.00,31643
2021-04-27,1250.00,1250.94,1224.61,1243.01,10889
2021-04-28,1237.98,1237.98,1160.00,1203.00,106495
2021-04-29,1215.00,1249.99,1193.00,1193.00,27550
2021-04-30,1200.00,1320.08,1182.60,1188.81,35305
2021-05-06,1195.13,1198.69,1178.80,1180.63,10984
2021-05-07,1180.63,1188.04,1173.86,1174.08,6889
2021-05-10,1173.90,1188.78,1173.89,1183.60,3443
2021-05-11,1183.60,1189.50,1178.15,1182.00,18130
2021-05-12,1182.00,1183.94,1170.00,1181.60,3228
2021-05-13,1182.14,1184.48,1175.00,1180.00,2808
2021-05-14,1180.00,1183.20,1175.00,1181.00,3028
2021-05-17,1181.00,1191.60,1178.70,1190.00,3778
2021-05-18,1188.10,1200.00,1169.90,1169.90,2759
2021-05-19,1189.93,1215.00,1181.00,1185.70,4103
2021-05-20,1181.00,1340.00,1181.00,1190.00,118728
2021-05-21,1190.01,1203.69,1181.80,1185.00,21694
2021-05-24,1185.00,1204.40,1172.88,1195.10,18013
2021-05-25,1220.00,1288.00,1200.00,1214.46,252195
2021-05-26,1216.91,1266.91,1205.00,1233.00,77768
2021-05-27,1232.00,1253.94,1225.00,1240.00,11163
2021-05-28,1250.00,1253.31,1220.28,1235.90,13072
2021-05-31,1236.56,1253.00,1230.00,1234.95,15497
2021-06-01,1245.35,1247.72,1220.18,1232.28,8064
2021-06-02,1225.49,1235.00,1196.51,1205.10,7986
2021-06-03,1206.60,1223.98,1206.00,1208.20,7259
2021-06-04,1212.00,1218.20,1201.22,1204.18,3281
2021-06-07,1208.88,1224.40,1200.00,1212.00,13156
2021-06-08,1220.00,1220.00,1201.00,1201.00,12960
2021-06-09,1198.90,1206.53,1191.70,1192.08,7094
2021-06-10,1190.70,1219.00,1190.70,1204.98,5018
2021-06-11,1199.88,1228.70,1199.88,1214.63,15217
2021-06-15,1214.00,1227.10,1186.54,1190.66,14732
2021-06-16,1194.79,1199.90,1161.11,1178.00,11723
2021-06-17,1185.20,1199.80,1173.35,1185.00,12508
2021-06-18,1184.99,1192.11,1177.83,1188.44,3706
2021-06-21,1186.35,1191.98,1182.19,1190.18,3068
2021-06-22,1185.75,1200.22,1185.75,1199.20,2834
2021-06-23,1199.20,1220.00,1195.00,1201.01,6159
2021-06-24,1201.00,1201.05,1188.03,1190.00,5861
2021-06-25,1189.00,1227.90,1189.00,1213.62,14240
2021-06-28,1212.80,1230.00,1206.00,1214.81,9620
2021-06-29,1215.00,1226.80,1201.30,1209.80,4928
2021-06-30,1207.28,1213.81,1201.00,1208.99,1215
2021-07-01,1201.90,1235.00,1201.90,1221.50,39503
2021-07-02,1219.17,1226.95,1195.12,1198.00,8227
2021-07-05,1197.79,1229.03,1197.79,1205.92,9256
2021-07-06,1202.00,1215.00,1187.90,1195.00,3772
2021-07-07,1190.10,1204.00,1190.10,1198.50,3739
2021-07-08,1196.00,1214.40,1187.79,1190.04,23204
2021-07-09,1192.00,1199.92,1187.12,1189.67,15230
2021-07-12,1199.72,1264.40,1192.90,1238.00,58657
2021-07-13,1234.95,1254.08,1226.01,1227.10,10714
2021-07-14,1228.03,1235.00,1220.00,1225.00,6688
2021-07-15,1220.50,1240.00,1220.20,1232.04,8982
2021-07-16,1236.00,1249.40,1220.00,1231.90,7418
2021-07-26,1221.60,1221.60,1190.30,1197.00,42788
2021-07-27,1201.21,1224.00,1181.00,1186.20,13370
2021-07-28,1188.00,1206.86,1184.60,1196.00,9079
2021-07-29,1192.00,1210.00,1190.00,1199.99,10523
2021-07-30,1195.10,1199.99,1187.00,1192.00,8000
2021-08-02,1190.00,1204.90,1190.00,1203.80,2952
2021-08-03,1203.80,1222.19,1200.10,1210.00,5864
2021-08-04,1209.99,1209.99,1193.22,1199.50,20743
2021-08-05,1199.50,1201.96,1195.03,1201.00,6025
2021-08-06,1201.00,1204.97,1192.02,1193.40,11873
2021-08-09,1191.00,1204.94,1191.00,1203.00,9272
2021-08-10,1203.00,1208.20,1195.27,1203.00,17392
2021-08-11,1197.88,1203.00,1195.01,1198.00,3282
2021-08-12,1197.00,1210.00,1196.80,1198.00,3655
2021-08-13,1197.10,1204.39,1191.50,1200.95,5702
2021-08-16,1197.21,1203.00,1190.20,1197.50,2328
2021-08-17,1195.00,1200.07,1190.51,1192.00,10406
2021-08-18,1190.25,1198.00,1183.00,1189.83,11666
2021-08-19,1187.00,1198.12,1185.00,1189.97,4899
2021-08-20,1187.79,1191.00,1185.00,1187.69,1316
2021-08-23,1183.00,1187.70,1181.89,1182.12,13764
2021-08-24,1182.00,1191.00,1180.01,1183.00,6630
2021-08-25,1181.00,1198.00,1181.00,1185.30,2154
2021-08-26,1189.00,1200.12,1181.02,1191.96,2735
2021-08-27,1186.00,1196.43,1184.99,1184.99,1044
2021-08-30,1183.00,1210.00,1176.01,1188.99,7637
2021-08-31,1185.00,1192.99,1185.00,1189.00,2944
2021-09-01,1189.00,1210.90,1187.80,1199.90,5388
2021-09-02,1200.02,1211.21,1198.00,1202.00,11367
2021-09-03,1202.00,1209.99,1196.92,1203.28,5738
2021-09-06,1203.28,1211.00,1202.00,1206.00,5902
2021-09-07,1206.00,1220.00,1204.67,1212.58,21478
2021-09-08,1221.01,1221.01,1208.85,1213.00,8959
2021-09-09,1210.00,1213.00,1207.35,1211.88,3961
2021-09-10,1205.21,1217.76,1205.02,1216.14,8791
2021-09-13,1206.10,1218.48,1206.10,1214.58,3038
2021-09-14,1210.90,1220.00,1207.00,1214.00,9902
2021-09-15,1210.00,1214.00,1210.00,1210.10,3961
2021-09-16,1200.00,1217.99,1192.52,1212.80,12740
2021-09-17,1212.80,1212.90,1198.19,1210.83,1777
2021-09-22,1200.00,1207.58,1195.01,1203.00,2102
2021-09-23,1198.10,1230.02,1198.10,1206.00,10033
2021-09-24,1208.00,1211.00,1202.50,1207.86,3389
2021-09-27,1206.92,1212.78,1200.10,1204.90,1993
2021-09-28,1200.31,1202.38,1194.33,1197.75,1872
2021-09-29,1193.39,1204.00,1190.00,1201.00,1691
2021-09-30,1206.00,1214.00,1190.50,1195.75,5276
2021-10-08,1190.11,1203.58,1190.11,1195.77,2968
2021-10-11,1193.00,1205.33,1191.04,1205.33,2349
2021-10-12,1195.02,1202.95,1190.00,1196.82,2650
2021-10-13,1209.00,1214.40,1203.16,1205.00,5051
2021-10-14,1208.00,1213.90,1200.00,1204.80,1629
2021-10-15,1205.50,1216.98,1205.50,1207.00,3746
2021-10-18,1205.00,1213.53,1200.20,1201.14,1200
2021-10-19,1200.11,1210.00,1200.00,1201.00,1373
2021-10-20,1200.01,1210.00,1199.51,1200.00,3343
2021-10-21,1200.00,1204.50,1196.90,1197.00,4228
2021-10-22,1197.50,1205.20,1188.27,1192.05,2412
2021-10-25,1188.10,1198.80,1186.01,1186.21,10530
2021-10-26,1186.21,1194.60,1180.00,1188.00,2280
2021-10-27,1188.27,1193.60,1182.00,1186.00,6926
2021-10-28,1180.00,1193.50,1180.00,1190.00,8153
2021-10-29,1185.10,1194.95,1185.10,1186.50,2074
2021-11-01,1185.01,1192.00,1185.01,1191.48,5184
2021-11-02,1192.08,1192.84,1186.84,1189.97,8539
2021-11-03,1185.50,1210.00,1185.50,1199.02,12404
2021-11-04,1199.02,1205.00,1189.99,1193.80,6234
2021-11-05,1199.40,1214.40,1193.00,1202.00,29494
2021-11-08,1206.10,1206.27,1193.01,1196.60,11341
2021-11-09,1196.60,1206.27,1196.60,1198.61,7519
2021-11-10,1199.00,1202.60,1191.10,1202.60,15783
2021-11-11,1202.59,1216.00,1197.76,1214.80,33993
2021-11-12,1212.00,1233.00,1210.04,1233.00,52869
2021-11-15,1233.00,1240.00,1216.00,1224.92,14857
2021-11-16,1220.82,1242.50,1220.01,1223.25,39217
2021-11-17,1223.05,1246.55,1223.05,1238.55,37717
2021-11-18,1237.50,1245.00,1208.92,1230.16,12815
2021-11-19,1230.01,1284.71,1225.28,1247.41,43933
2021-11-22,1260.00,1279.82,1240.00,1272.00,68443
2021-11-23,1275.00,1284.59,1260.11,1275.56,13552
2021-11-24,1280.00,1280.28,1261.73,1275.43,6271
2021-11-25,1270.10,1284.75,1265.00,1266.00,1547
2021-11-26,1265.55,1274.87,1260.80,1265.00,1440
2021-11-29,1266.60,1310.00,1266.60,1281.75,41058
2021-11-30,1284.30,1299.30,1275.13,1292.20,13760
2021-12-01,1280.00,1292.10,1277.10,1281.38,6443
2021-12-02,1283.00,1288.40,1258.01,1262.27,11717
2021-12-03,1264.69,1276.00,1255.83,1275.00,1850
2021-12-06,1279.00,1285.27,1250.00,1250.00,20212
2021-12-07,1251.00,1256.75,1221.10,1240.00,13872
2021-12-08,1240.11,1264.49,1240.11,1260.08,11524
2021-12-09,1251.10,1274.99,1251.10,1270.00,6573
2021-12-10,1261.10,1278.00,1257.70,1261.00,3800
2021-12-13,1262.26,1265.00,1245.40,1256.00,3925
2021-12-14,1250.10,1262.00,1250.10,1258.00,4016
2021-12-15,1256.74,1264.29,1252.69,1260.00,3236
2021-12-16,1260.00,1265.00,1253.51,1264.41,1498
2021-12-17,1259.09,1269.90,1256.74,1269.90,1885
2021-12-20,1264.10,1276.00,1262.00,1266.51,3868
2021-12-21,1258.01,1279.80,1258.01,1271.00,3623
2021-12-22,1265.35,1284.12,1260.50,1279.60,6698
2021-12-23,1279.00,1284.00,1264.61,1282.00,12780
2021-12-24,1271.10,1285.00,1271.10,1284.99,2863
2021-12-27,1284.99,1286.50,1276.10,1286.50,2408
2021-12-28,1279.02,1299.80,1279.01,1299.00,8023
2021-12-29,1298.90,1306.01,1286.05,1298.00,12900
2021-12-30,1295.40,1350.00,1295.40,1314.60,42820
2021-12-31,1317.20,1327.00,1305.52,1320.00,7312
2022-01-04,1320.00,1340.00,1316.00,1327.00,12932
2022-01-05,1329.60,1332.85,1300.20,1314.98,7444
2022-01-06,1314.98,1320.00,1277.50,1301.22,15207
2022-01-07,1301.22,1301.84,1285.00,1288.12,6262
2022-01-10,1285.40,1341.06,1282.04,1307.80,10937
2022-01-11,1310.01,1310.40,1290.02,1310.00,7323
2022-01-12,1310.00,1310.00,1290.11,1297.00,2233
2022-01-13,1300.00,1301.77,1278.00,1283.00,3562
2022-01-14,1280.18,1315.00,1280.18,1295.70,11352
2022-01-17,1295.70,1321.00,1290.02,1310.93,42074
2022-01-18,1291.10,1345.00,1290.60,1297.50,7242
2022-01-19,1290.00,1309.85,1285.14,1288.99,13366
2022-01-20,1293.20,1293.20,1270.00,1274.90,3855
2022-01-21,12749.10,12930.00,12704.20,12865.00,4524
2022-01-24,12751.80,12875.10,12630.00,12642.50,12119
2022-01-25,12640.00,12640.00,12100.00,12150.00,87747
2022-01-26,12180.00,12280.00,12110.00,12110.00,7912
2022-01-27,12116.10,12218.50,11859.00,11925.00,55172
2022-01-28,11964.40,12150.00,11907.20,12029.40,11272
2022-02-07,1208.35,1216.88,1200.00,1215.51,4117
2022-02-08,1216.50,1230.00,1210.90,1228.00,5484
2022-02-09,1230.00,1240.00,1225.91,1232.04,1857
2022-02-10,1232.23,1232.23,1220.00,1226.30,1624
2022-02-11,1226.31,1228.98,1208.80,1211.00,5247
2022-02-14,1211.01,1214.51,1178.80,1185.00,13321
2022-02-15,1188.79,1189.62,1150.00,1166.98,22830
2022-02-16,1171.57,1183.00,1159.60,1174.74,24684
2022-02-17,1174.73,1182.09,1169.87,1180.00,2436
2022-02-18,1180.00,1191.39,1177.71,1189.00,3177
2022-02-21,1192.00,1203.66,1187.00,1191.10,9018
2022-02-22,1191.30,1194.32,1169.00,1170.00,22287
2022-02-23,1170.01,1190.00,1170.01,1184.36,3363
2022-02-24,1187.55,1188.88,1176.49,1176.50,7071
2022-02-25,1180.00,1199.99,1177.68,1183.78,10345
2022-02-28,11837.80,11925.30,11814.90,11910.00,7093
2022-03-01,11920.20,11942.20,11859.00,11881.00,4514
2022-03-02,11890.00,11915.50,11840.00,11850.00,4945
2022-03-03,11850.00,11888.00,11677.00,11700.00,8257
2022-03-04,11730.00,11774.30,11622.00,11650.00,18303
2022-03-07,11655.00,11686.10,11490.00,11490.00,21745
2022-03-08,11501.50,11646.70,11430.00,11433.00,15832
2022-03-09,11433.50,11510.00,11032.70,11190.00,28032
2022-03-10,11250.00,11448.80,11250.00,11380.00,10122
2022-03-11,11380.00,11450.30,11233.40,11431.20,5331
2022-03-14,11431.20,11480.90,11350.30,11399.10,5777
2022-03-15,11399.10,11460.20,11132.60,11200.00,11179
2022-03-16,11210.00,11350.00,11117.90,11251.10,14154
2022-03-17,11341.10,11522.00,11290.00,11359.20,7252
2022-03-18,11359.40,11511.00,11359.40,11503.00,8247
2022-03-21,1154.90,1155.50,1148.99,1154.72,4017
2022-03-22,1154.72,1158.80,1148.04,1153.91,1663
2022-03-23,1155.91,1165.50,1144.38,1144.38,7864
2022-03-24,1144.38,1145.38,1126.18,1128.80,12738
2022-03-25,1128.80,1140.00,1109.93,1120.00,7957
2022-03-28,1120.00,1129.06,1099.96,1113.01,5079
2022-03-29,1113.02,1119.85,1104.00,1116.37,27842
2022-03-30,1116.38,1133.00,1114.04,1133.00,2832
2022-03-31,1133.00,1135.00,1124.60,1127.84,11233
2022-04-01,11278.40,11377.90,11265.30,11280.00,3483
2022-04-06,11300.00,11381.80,11300.00,11360.00,2136
2022-04-07,11400.10,11522.00,11159.80,11184.10,8104
2022-04-08,11209.90,11240.00,11151.00,11216.00,3399
2022-04-11,11216.00,11249.60,11111.00,11206.60,2738
2022-04-12,11160.00,11250.00,11160.00,11235.00,1594
2022-04-13,11240.00,11249.20,11155.00,11175.20,2879
2022-04-14,11175.40,11219.60,11166.00,11195.00,4550
2022-04-15,11161.00,11228.60,11152.00,11195.10,722
2022-04-18,11224.20,11350.00,11126.00,11340.00,2621
2022-04-19,11340.10,11440.00,11160.00,11399.50,4105
2022-04-20,11399.50,11485.00,11398.50,11417.80,2022
2022-04-21,11448.80,11448.80,11251.10,11251.10,1031
2022-04-22,11281.50,11400.00,11159.40,11349.00,2428
2022-04-25,11344.90,11540.00,11102.00,11290.00,12407
2022-04-26,11290.00,11330.00,11105.90,11150.00,5715
2022-04-27,11150.00,11200.00,11055.50,11120.00,12220
2022-04-28,11156.70,11173.20,11091.00,11150.00,6193
2022-04-29,11190.00,11300.20,11116.70,11285.00,3221
2022-05-05,11262.00,11327.60,11200.80,11324.10,3602
2022-05-06,11323.00,11323.00,11189.90,11223.40,10232
2022-05-09,11201.00,11262.70,11201.00,11210.10,1915
2022-05-10,11246.00,11300.10,11210.10,11258.40,4425
2022-05-11,11277.90,11343.00,11222.20,11283.00,4486
2022-05-12,11283.00,11388.00,11260.10,11350.00,4250
2022-05-13,11393.00,11444.00,11311.70,11371.00,4171
2022-05-16,11401.10,11422.00,11324.90,11381.40,1146
2022-05-17,11381.40,11419.60,11340.00,11354.30,3199
2022-05-18,11369.90,11440.00,11359.60,11430.00,2191
2022-05-19,11436.90,11436.90,11300.00,11340.00,3417
2022-05-20,11360.00,11520.00,11350.00,11425.50,7520
2022-05-23,11425.50,11533.50,11411.10,11500.00,4031
2022-05-24,11490.00,11540.00,11377.40,11395.00,3020
2022-05-25,11448.60,11480.00,11390.00,11475.00,6320
2022-05-26,11452.00,11498.70,11426.00,11489.00,2003
2022-05-27,11489.20,11509.90,11455.70,11491.20,975
2022-05-30,11500.00,11521.70,11480.60,11510.20,1126
2022-05-31,11510.20,11544.90,11466.00,11481.00,3670
2022-06-01,11481.10,11496.70,11444.30,11479.70,1005
2022-06-02,11478.50,11479.60,11411.40,11435.80,1706
2022-06-06,11431.00,11529.90,11431.00,11529.90,2341
2022-06-07,11529.90,11545.80,11449.40,11540.00,2713
2022-06-08,11545.90,11562.00,11502.00,11545.00,2287
2022-06-09,11545.00,11572.00,11479.00,11565.80,2088
2022-06-10,11558.90,11659.90,11534.60,11646.40,4129
2022-06-13,11657.60,11710.50,11572.00,11599.90,2361
2022-06-14,11640.50,11640.50,11500.40,11574.80,774
2022-06-15,11600.00,11617.60,11535.40,11605.00,1604
2022-06-16,11626.60,11700.00,11260.00,11519.40,4428
2022-06-17,11547.00,11547.00,11480.00,11518.80,6499
2022-06-20,11530.00,11535.00,11471.30,11509.90,24172
2022-06-21,11509.90,11589.00,11476.90,11550.00,13007
2022-06-22,11550.00,11560.10,11476.50,11487.50,4758
2022-06-23,11538.10,11538.10,11470.40,11488.40,2550
2022-06-24,11547.00,11547.00,11450.00,11520.00,10702
2022-06-27,11536.50,11611.00,11536.50,11554.90,8626
2022-06-28,11556.90,11660.00,11556.90,11650.50,4730
2022-06-29,11680.00,11779.90,11660.00,11683.50,7799
2022-06-30,11751.10,11770.00,11670.00,11691.70,7031
2022-07-01,11753.00,11753.00,11673.80,11685.20,8391
2022-07-04,11685.30,11735.30,11593.90,11700.00,10872
2022-07-05,11730.00,11755.00,11663.00,11709.80,9042
2022-07-06,11758.80,11760.20,11560.00,11590.00,6804
2022-07-07,11550.00,11654.00,11550.00,11584.90,780
2022-07-08,11557.70,11729.80,11557.70,11624.00,9978
2022-07-11,11680.10,11680.10,11572.20,11627.30,2643
2022-07-12,11600.10,11630.20,11477.00,11479.90,3769
2022-07-13,11479.90,11540.10,11467.80,11468.00,4094
2022-07-14,11500.10,11526.30,11469.20,11500.00,7562
2022-07-15,11489.00,11528.00,11467.50,11488.90,5675
2022-07-18,11499.00,11534.90,11499.00,11513.50,1047
2022-07-19,11500.10,11550.00,11500.10,11514.00,5605
2022-07-20,11524.00,11626.00,11519.20,11610.00,4735
2022-07-21,11610.00,11676.10,11610.00,11669.00,1521
2022-07-22,11676.10,11683.40,11610.00,11620.00,1601
2022-07-25,11620.00,11668.00,11578.00,11587.40,1410
2022-07-26,11600.10,11651.60,11596.00,11641.20,3202
2022-07-27,11652.00,11753.10,11652.00,11700.00,5429
2022-07-28,11700.00,11739.80,11676.00,11700.00,20059
2022-07-29,11708.00,11720.10,11612.20,11629.90,2294
2022-08-01,11630.00,11649.90,11605.00,11616.00,2243
2022-08-02,11620.00,11630.00,11511.00,11580.00,4938
2022-08-03,11580.20,11680.00,11565.00,11585.00,2584
2022-08-04,11585.00,11645.00,11571.60,11585.00,2512
2022-08-05,11585.60,11600.00,11536.40,11546.40,6229
2022-08-08,11549.80,11592.00,11534.00,11541.10,11874
2022-08-09,11559.00,11565.20,11534.20,11558.60,2683
2022-08-10,11558.60,11569.90,11536.50,11552.80,2206
2022-08-11,11560.10,11616.00,11553.00,11615.00,8462
2022-08-12,11600.00,11657.60,11584.00,11616.10,6991
2022-08-15,11625.00,11678.00,11590.00,11678.00,2397
2022-08-16,11680.00,11690.00,11640.00,11640.00,2467
2022-08-17,11675.00,11699.00,11594.00,11639.00,4771
2022-08-18,11640.10,11648.00,11568.00,11593.90,4030
2022-08-19,11590.00,11730.00,11516.00,11578.80,5715
2022-08-22,11558.00,11628.00,11530.00,11628.00,2649
2022-08-23,11618.00,11638.00,11600.00,11610.90,1564
2022-08-24,11620.90,11620.90,11528.00,11549.00,2725
2022-08-25,11544.00,11556.00,11450.00,11540.00,7077
2022-08-26,11539.70,11566.00,11518.50,11566.00,1435
2022-08-29,11548.00,11548.00,11428.60,11428.60,8145
2022-08-30,11479.90,11519.80,11310.10,11310.10,11658
2022-08-31,11330.00,11362.00,11312.00,11354.30,3284
2022-09-01,11344.00,11439.50,11344.00,11380.00,3152
2022-09-02,11366.00,11412.00,11348.10,11395.80,1351
2022-09-05,11398.00,11513.80,11371.00,11414.30,4595
2022-09-06,11424.30,11499.00,11400.00,11499.00,2723
2022-09-07,11499.00,11502.00,11302.20,11420.00,11641
2022-09-08,11420.20,11504.40,11407.90,11500.00,5340
2022-09-09,11488.50,11498.50,11380.20,11400.00,8067
2022-09-13,11402.00,11479.90,11386.00,11409.00,4487
2022-09-14,11399.00,11445.80,11370.00,11420.00,3322
2022-09-15,11421.10,11440.10,11300.00,11339.30,9128
2022-09-16,11339.70,11354.00,11300.00,11348.50,3752
2022-09-19,11300.10,11392.00,11300.10,11349.00,3507
2022-09-20,11334.00,11393.80,11334.00,11360.00,3171
2022-09-21,11360.00,11372.00,11255.00,11344.00,6524
2022-09-22,11344.00,11374.00,11274.00,11321.50,4440
2022-09-23,11314.00,11366.00,11277.10,11359.40,1899
2022-09-26,11340.10,11346.00,11250.00,11284.90,2735
2022-09-27,11293.90,11357.30,11250.00,11353.00,5058
2022-09-28,11311.50,11494.40,11276.00,11300.00,5790
2022-09-29,11300.00,11336.00,11238.00,11242.40,3331
2022-09-30,11444.00,11576.00,11220.00,11236.00,99364
2022-10-10,11230.00,11400.10,11224.00,11301.00,10953
2022-10-11,11317.90,11351.00,11264.10,11312.00,4771
2022-10-12,11328.90,11539.80,11290.00,11480.00,9582
2022-10-13,11480.00,11615.00,10711.00,11508.40,18693
2022-10-14,11510.10,11680.00,11508.50,11580.00,18813
2022-10-17,11585.00,11782.00,11565.00,11680.20,38324
2022-10-18,11660.10,11720.10,11623.60,11670.00,3925
2022-10-19,11675.00,11773.20,11600.00,11650.80,5692
2022-10-20,11620.10,11738.00,11548.80,11665.20,18075
2022-10-21,11660.10,11760.20,11620.20,11621.10,5807
2022-10-24,11621.10,11700.10,11390.00,11409.20,6604
2022-10-25,11409.20,11637.40,11400.00,11450.00,28783
2022-10-26,11440.10,11877.00,11440.10,11739.70,62154
2022-10-27,11739.70,11888.00,11500.00,11651.00,32415
2022-10-28,11650.00,11730.00,11520.00,11550.00,13169
2022-10-31,11508.00,11671.20,11440.10,11468.70,14477
2022-11-01,11441.10,11580.00,11352.10,11451.70,13121
2022-11-02,11425.00,11600.00,11400.80,11510.00,22802
2022-11-03,11500.00,11705.60,11411.00,11489.70,20239
2022-11-04,11479.00,11660.00,11471.00,11619.00,12707
2022-11-07,11586.00,11717.60,11542.00,11626.60,9047
2022-11-08,11628.10,11675.90,11510.00,11674.90,6825
2022-11-09,11674.90,11674.90,11586.40,11619.60,4769
2022-11-10,11618.80,11790.00,11420.00,11633.40,37069
2022-11-11,11670.10,11740.10,11588.80,11599.90,18374
2022-11-14,11582.00,11780.80,11565.00,11646.00,35250
2022-11-15,11660.10,11712.90,11598.50,11648.40,11881
2022-11-16,11625.40,11710.00,11560.20,11578.00,10028
2022-11-17,11578.10,11595.00,11240.10,11407.80,18784
2022-11-18,11408.00,11571.50,11346.80,11393.00,16237
2022-11-21,11393.00,11450.00,11307.30,11398.90,8514
2022-11-22,11385.30,11420.10,11326.40,11388.80,2914
2022-11-23,11373.30,11509.50,11320.00,11480.00,6899
2022-11-24,11480.10,11559.90,11380.10,11401.30,3840
2022-11-25,11400.00,11450.00,11344.00,11430.00,8670
2022-11-28,11402.20,11475.10,11332.20,11370.10,3991
2022-11-29,11370.10,11467.40,11310.40,11460.00,8150
2022-11-30,11460.00,11518.60,11392.00,11509.30,3974
2022-12-01,11520.00,11583.90,11495.80,11561.00,8490
2022-12-02,11570.00,11688.80,11510.10,11522.20,8077
2022-12-05,11525.80,12384.40,11525.80,11640.00,327725
2022-12-06,11680.00,11970.00,11658.00,11704.90,128307
2022-12-07,11809.40,11888.00,11662.30,11819.00,77641
2022-12-08,11888.40,11977.00,11700.10,11735.00,30339
2022-12-09,11750.00,11794.10,11680.00,11682.00,20255
2022-12-12,11740.00,11752.00,11644.40,11673.90,13535
2022-12-13,12200.00,12350.00,11636.80,11720.10,110463
2022-12-14,11670.10,11840.80,11590.70,11773.80,23188
2022-12-15,11772.90,11800.10,11650.00,11651.00,8934
2022-12-16,11651.00,11764.80,11560.00,11737.80,8614
2022-12-19,11799.80,11820.80,11510.10,11510.10,5187
2022-12-20,11521.60,11598.70,11411.10,11462.80,5151
2022-12-21,11420.80,11500.00,11420.70,11462.00,2942
2022-12-22,11479.00,11562.00,11250.00,11424.60,4190
2022-12-23,11436.20,11550.10,11401.80,11410.00,13891
2022-12-26,11427.00,11448.00,11358.10,11409.90,5766
2022-12-27,11427.00,11448.00,11372.30,11447.90,3965
2022-12-28,11460.10,11460.10,11372.00,11456.90,4423
2022-12-29,11459.70,11520.10,11408.00,11436.90,5103
2022-12-30,11458.80,11530.00,11422.00,11436.00,4173
2023-01-03,11480.10,11588.80,11372.10,11588.80,8099
2023-01-04,11578.50,11720.00,11536.80,11700.00,7099
2023-01-05,11691.10,11733.60,11650.00,11720.00,8469
2023-01-06,11718.00,11719.90,11659.40,11708.50,3898
2023-01-09,11714.00,11720.00,11630.30,11709.60,3337
2023-01-10,11685.50,11750.00,11529.10,11750.00,15935
2023-01-11,11720.10,11754.90,11667.10,11671.00,1153
2023-01-12,11660.10,11735.50,11498.60,11498.60,2296
2023-01-13,11592.00,11699.40,11567.60,11620.00,9129
2023-01-16,11637.00,11744.30,11620.00,11698.60,3686
2023-01-17,11701.90,11817.90,11671.40,11817.90,3987
2023-01-18,11817.90,11918.80,11761.30,11882.00,6897
2023-01-19,11880.00,12000.00,11839.00,11970.90,12525
2023-01-20,11978.10,12049.90,11964.70,12020.00,9434
2023-01-30,12037.90,12089.70,11900.00,11980.00,13602
2023-01-31,11985.30,12000.70,11770.90,11785.00,14700
2023-02-01,11777.00,11854.90,11699.50,11770.00,13657
2023-02-02,11780.10,11839.00,11730.00,11830.00,10619
2023-02-03,11833.00,11887.40,11675.10,11860.10,23716
2023-02-06,11860.00,11930.00,11793.00,11922.00,17484
2023-02-07,11922.00,11957.40,11841.10,11900.00,4488
2023-02-08,11900.00,11904.90,11770.10,11770.10,7243
2023-02-09,11770.10,11875.00,11742.30,11840.00,2964
2023-02-10,11858.00,11880.00,11711.20,11718.30,9518
2023-02-13,11725.00,11771.00,11713.20,11755.00,8833
2023-02-14,11764.90,11794.90,11730.00,11770.20,9013
2023-02-15,11770.30,11824.90,11700.00,11700.00,7016
2023-02-16,11774.00,11788.00,11645.50,11675.00,6967
2023-02-17,11692.00,11717.10,11550.00,11620.00,6084
2023-02-20,11626.40,11640.00,11570.00,11579.80,8066
2023-02-21,11588.80,11735.10,11579.80,11600.00,18959
2023-02-22,11600.00,11641.80,11550.00,11560.00,11693
2023-02-23,11571.20,11588.00,11500.00,11510.00,9924
2023-02-24,11520.00,11572.30,11476.40,11507.80,7896
2023-02-27,11507.00,11545.00,11492.00,11516.80,7004
2023-02-28,11533.90,11630.00,11533.90,11612.90,11218
2023-03-01,11618.00,11701.00,11618.00,11660.00,5777
2023-03-02,11660.00,11683.10,11573.70,11587.40,3680
2023-03-03,11599.00,11613.20,11534.50,11576.10,5622
2023-03-06,11576.10,11596.00,11545.00,11565.00,2887
2023-03-07,11581.90,11581.90,11531.40,11570.00,4136
2023-03-08,11570.10,11590.50,11536.40,11565.60,2201
2023-03-09,11554.30,11596.00,11539.90,11545.10,2736
2023-03-10,11550.10,11577.30,11497.00,11555.00,4701
2023-03-13,11555.00,11699.90,11551.10,11670.00,13498
2023-03-14,11688.00,11696.00,11633.60,11680.00,3953
2023-03-15,11676.90,11720.00,11666.60,11680.00,4468
2023-03-16,11657.00,11719.90,11596.80,11680.00,11269
2023-03-17,11704.90,11825.00,11679.60,11795.80,25057
2023-03-20,11736.40,11830.00,11736.40,11830.00,11657
2023-03-21,11813.30,11855.00,11811.00,11853.40,4983
2023-03-22,11840.70,11863.90,11773.90,11814.10,9360
2023-03-23,11796.40,11941.00,11779.80,11940.90,12568
2023-03-24,12300.00,12500.00,11810.00,11820.00,90843
2023-03-27,11838.00,12045.90,11800.00,11932.70,53177
2023-03-28,11899.00,12104.20,11850.00,11944.90,35428
2023-03-29,11952.70,12024.80,11805.10,11877.00,16072
2023-03-30,11867.40,11900.00,11820.00,11820.20,11103
2023-03-31,11805.50,12399.40,11790.90,12121.90,502975
2023-04-03,12120.00,12348.30,12048.30,12290.00,290250
2023-04-04,12255.00,12449.00,12201.00,12438.50,120226
2023-04-06,12438.50,12756.30,12294.20,12501.50,144582
2023-04-07,12527.60,12730.00,12300.00,12661.00,206613
2023-04-10,12604.40,12700.00,12352.00,12392.00,67953
2023-04-11,12379.60,12474.50,12227.60,12391.00,50382
2023-04-12,12378.60,12551.10,12290.00,12551.10,44219
2023-04-13,12538.50,12578.60,12370.00,12559.90,40631
2023-04-14,12547.30,12668.90,12480.00,12579.80,27265
2023-04-17,12579.80,12622.60,12458.00,12499.90,25813
2023-04-18,12482.40,12554.50,12302.60,12367.90,44705
2023-04-19,12359.00,12442.90,12275.00,12285.30,22391
2023-04-20,12273.00,12355.00,12180.00,12263.30,34982
2023-04-21,12248.80,12288.50,12070.00,12079.70,19329
2023-04-24,12092.00,12176.10,11849.30,11954.90,24608
2023-04-25,11950.30,11988.00,11820.70,11973.00,30697
2023-04-26,11955.00,12177.70,11955.00,12088.00,30314
2023-04-27,12028.60,12185.00,12023.60,12050.00,43422
2023-04-28,12050.00,12261.10,12050.00,12140.00,37177
2023-05-04,12133.10,12173.30,12010.80,12057.00,17292
2023-05-05,12038.90,12185.00,11878.50,11950.10,19582
2023-05-08,11950.10,12270.00,11854.70,12098.70,94121
2023-05-09,12057.50,12154.50,11811.20,11908.30,46489
2023-05-10,11889.10,12094.40,11887.10,11965.80,36421
2023-05-11,12011.60,12065.60,11920.00,11930.00,10699
2023-05-12,11912.10,11955.00,11802.00,11823.20,25745
2023-05-15,11970.00,12185.00,11800.00,11902.90,48321
2023-05-16,11923.00,11985.00,11607.20,11652.10,33504
2023-05-17,11654.00,11800.00,11654.00,11704.80,26103
2023-05-18,11705.50,11940.00,11705.50,11855.50,25774
2023-05-19,11830.50,11911.00,11776.60,11785.00,8816
2023-05-22,11800.00,11838.30,11764.00,11769.60,5114
2023-05-23,11793.50,11800.00,11720.10,11749.90,4040
2023-05-24,11760.00,11799.80,11680.00,11715.40,6454
2023-05-25,11720.80,11777.70,11655.00,11770.00,14789
2023-05-26,11770.00,11803.50,11683.80,11800.00,12751
2023-05-29,11800.00,11900.00,11700.00,11815.00,11212
2023-05-30,11815.90,11885.00,11745.00,11861.80,6273
2023-05-31,11840.00,12033.30,11830.20,11887.50,25822
2023-06-01,11925.20,12080.00,11852.50,12017.20,14366
2023-06-02,12017.20,12150.00,12017.10,12018.50,8833
2023-06-05,12014.90,12086.90,11983.90,12000.00,9187
2023-06-06,12000.00,12037.30,11878.10,11911.80,6686
2023-06-07,11900.00,12090.00,11880.10,11891.10,25764
2023-06-08,11941.10,12000.00,11895.00,11949.80,5473
2023-06-09,11945.00,12050.00,11940.00,11982.00,4046
2023-06-12,12001.40,12010.00,11892.10,11944.80,8587
2023-06-13,11938.00,12113.50,11938.00,12082.60,16321
2023-06-14,12082.60,12200.00,12070.00,12183.80,16444
2023-06-15,12183.80,12220.00,12056.70,12060.00,9638
2023-06-16,12069.40,12208.60,12065.40,12113.50,10273
2023-06-19,12113.50,12186.00,12065.10,12090.00,16962
2023-06-20,12080.70,12165.00,12050.00,12100.00,8642
2023-06-21,12200.00,12447.50,12030.00,12041.00,61927
2023-06-26,12035.60,12071.70,11857.90,11915.00,26827
2023-06-27,11900.00,12067.00,11900.00,11972.40,14804
2023-06-28,11987.80,11990.00,11785.00,11833.20,23127
2023-06-29,11837.40,11910.00,11812.60,11910.00,9658
2023-06-30,11910.00,12000.10,11878.30,11999.00,6426
2023-07-03,11650.00,11650.00,10970.00,11278.00,207332
2023-07-04,11230.00,11455.00,11120.20,11290.00,114831
2023-07-05,11299.00,11405.20,11235.10,11300.00,55625
2023-07-06,11281.50,11368.40,11127.20,11251.00,36089
2023-07-07,11262.00,11295.00,11205.00,11244.40,19910
2023-07-10,11262.50,11280.00,11169.40,11200.10,27055
2023-07-11,11216.80,11236.00,11155.10,11181.70,20993
2023-07-12,11190.00,11269.90,11190.00,11221.10,21129
2023-07-13,11221.00,11278.10,11200.00,11202.00,7471
2023-07-14,11180.20,11356.40,11180.20,11200.00,24132
2023-07-17,11200.00,11312.00,11185.00,11234.00,7555
2023-07-18,11244.40,11264.40,11210.00,11240.00,4473
2023-07-19,11217.00,11254.80,11215.00,11225.00,3483
2023-07-20,11222.90,11314.00,11217.10,11277.50,27444
2023-07-21,11277.50,11347.00,11180.00,11237.30,29493
2023-07-24,11241.40,11287.20,11213.30,11257.20,9254
2023-07-25,11278.20,11366.00,11230.10,11347.20,13364
2023-07-26,11347.20,11397.20,11283.70,11394.70,6216
2023-07-27,11398.50,11440.60,11345.90,11420.00,7441
2023-07-28,11420.10,11459.70,11355.80,11434.60,3788
2023-07-31,11500.00,11505.00,11373.80,11390.00,7470
2023-08-01,11390.00,11420.60,11345.00,11400.00,8212
2023-08-02,11399.90,11411.10,11245.90,11355.00,18827
2023-08-03,11345.90,11411.20,11238.00,11370.00,15192
2023-08-04,11368.00,11431.00,11332.10,11400.00,6856
2023-08-07,11409.80,11422.20,11253.00,11288.90,14934
2023-08-08,11297.60,11333.90,11258.90,11332.90,4473
2023-08-09,11342.20,11369.00,11311.60,11325.50,9981
2023-08-10,11336.70,11370.00,11312.60,11345.00,4361
2023-08-11,11363.00,11363.00,11285.10,11305.10,6946
2023-08-14,11315.00,11324.80,11270.00,11311.30,3007
2023-08-15,11454.00,11627.60,11231.00,11270.10,79870
2023-08-16,11273.30,11435.00,11230.00,11310.50,28194
2023-08-17,11349.00,11384.90,11300.00,11344.80,9360
2023-08-18,11351.50,11412.20,11323.70,11355.70,16779
2023-08-21,11360.00,11398.00,11303.60,11331.10,4386
2023-08-22,11330.50,11359.50,11245.80,11300.00,18499
2023-08-23,11300.10,11322.90,11230.00,11247.00,2887
2023-08-24,11238.00,11276.10,11238.00,11251.40,2845
2023-08-25,11240.00,11290.00,11212.20,11230.00,6362
2023-08-28,11307.10,11370.00,11215.00,11220.10,7975
2023-08-29,11228.10,11424.80,11225.90,11290.00,30119
2023-08-30,11290.10,11429.90,11289.20,11421.20,21933
2023-08-31,11421.20,11442.10,11275.00,11345.00,11512
2023-09-01,11356.30,11370.20,11315.00,11321.30,3567
2023-09-04,11341.00,11445.90,11318.40,11420.00,11654
2023-09-05,11419.90,11426.00,11346.40,11400.00,3613
2023-09-06,11389.20,11468.30,11355.20,11364.50,10292
2023-09-07,11376.50,11389.70,11325.70,11360.00,7659
2023-09-08,11354.90,11366.80,11245.00,11339.80,6513
2023-09-11,11334.80,11396.90,11314.60,11396.90,3631
2023-09-12,11400.00,11544.00,11362.50,11400.00,10223
2023-09-13,11410.00,11580.00,11328.60,11408.40,9706
2023-09-14,11422.50,11450.00,11365.00,11366.10,2883
2023-09-15,11372.70,11386.10,11346.30,11385.80,1654
2023-09-18,11385.80,11533.90,11350.00,11403.00,8608
2023-09-19,11384.10,11410.40,11360.60,11389.70,1652
2023-09-20,11393.30,11413.80,11376.90,11400.00,1965
2023-09-21,11376.90,11411.00,11350.00,11369.00,2258
2023-09-22,11357.00,11400.00,11351.00,11374.00,7354
2023-09-25,11384.00,11399.00,11354.00,11365.80,1878
2023-09-26,11364.80,11395.80,11315.80,11350.90,2635
2023-09-27,11368.70,11405.00,11340.00,11366.00,2951
2023-09-28,11407.00,11407.00,11350.00,11371.00,2121
2023-10-09,11382.50,11389.70,11300.00,11328.90,4300
2023-10-10,11321.30,11369.70,11311.10,11350.00,2880
2023-10-11,11328.60,11354.20,11280.10,11309.00,12133
2023-10-12,11309.00,11349.00,11255.00,11318.10,22235
2023-10-13,11300.00,11335.60,11251.00,11272.90,6468
2023-10-16,11269.50,11362.50,11250.80,11299.90,12151
2023-10-17,11283.80,11311.00,11251.80,11273.80,2101
2023-10-18,11260.10,11352.00,11200.00,11200.00,12713
2023-10-19,11200.00,11304.00,11030.50,11119.60,26867
2023-10-20,11119.60,11150.00,11030.00,11045.00,8882
2023-10-23,11044.40,11085.00,10981.00,10992.00,23956
2023-10-24,10992.10,11119.80,10992.10,11099.90,6682
2023-10-25,11100.00,11244.00,11100.00,11189.00,5004
2023-10-26,11246.50,11290.00,11191.00,11258.20,7677
2023-10-27,11230.00,11332.00,11192.50,11231.80,10116
2023-10-30,11244.10,11325.50,11203.20,11289.60,20915
2023-10-31,11293.20,11360.90,11250.00,11326.40,11130
2023-11-01,11326.40,11360.00,11290.10,11328.60,3344
2023-11-02,11313.70,11373.30,11293.00,11313.00,8811
2023-11-03,11290.30,11349.60,11272.00,11286.00,6404
2023-11-06,11300.00,11350.00,11286.10,11300.00,8793
2023-11-07,11303.70,11360.50,11250.00,11300.00,7220
2023-11-08,11323.60,11396.30,11303.40,11380.00,11669
2023-11-09,11368.00,11439.70,11348.00,11357.90,2841
2023-11-10,11351.00,11410.00,11303.40,11337.00,5528
2023-11-13,11343.60,11459.00,11316.90,11331.00,11605
2023-11-14,11320.00,11420.00,11320.00,11405.00,7637
2023-11-15,11415.80,11422.00,11370.50,11418.20,2666
2023-11-16,11424.80,11424.80,11350.00,11367.30,1664
2023-11-17,11355.90,11432.40,11355.90,11411.50,7182
2023-11-20,11395.00,11592.90,11362.60,11520.00,21278
2023-11-21,11556.70,11569.20,11355.10,11370.00,12005
2023-11-22,11371.60,11390.00,11304.50,11327.60,4526
2023-11-23,11327.60,11342.30,11250.00,11323.20,2487
2023-11-24,11332.60,11349.10,11235.00,11306.20,4379
2023-11-27,11260.20,11299.00,11217.80,11285.80,3310
2023-11-28,11285.90,11337.00,11241.00,11337.00,3520
2023-11-29,11320.00,11337.00,11262.00,11303.10,6025
2023-11-30,11285.10,11329.90,11260.70,11260.70,8279
2023-12-01,11260.80,11305.00,11200.00,11253.80,12012
2023-12-04,11238.90,11492.10,11238.90,11387.00,20603
2023-12-05,11392.50,11392.50,11263.00,11273.90,4106
2023-12-06,11270.00,11370.00,11252.80,11263.40,8556
2023-12-07,11259.90,11320.00,11195.00,11263.20,9171
2023-12-08,11263.20,11410.10,11263.10,11397.60,18221
2023-12-11,11370.00,11422.50,11308.30,11333.80,11354
2023-12-12,11344.20,11350.50,11306.80,11336.00,2550
2023-12-13,11336.00,11385.00,11290.50,11350.00,3644
2023-12-14,11349.90,11450.00,11322.10,11412.00,7182
2023-12-15,11390.00,11450.00,11340.40,11366.70,4107
2023-12-18,11360.00,11377.00,11250.00,11270.60,4802
2023-12-19,11281.20,11308.90,11187.50,11308.90,9282
2023-12-20,11252.90,11288.80,11240.00,11262.00,6912
2023-12-21,11243.30,11273.00,11160.00,11241.00,12443
2023-12-22,11251.40,11251.50,11180.20,11230.50,4918
2023-12-25,11234.80,11290.00,11215.10,11230.00,7674
2023-12-26,11241.30,11283.00,11197.50,11277.80,6416
2023-12-27,11277.80,11324.90,11186.00,11324.90,9093
2023-12-28,11284.70,11540.60,11262.50,11503.90,26700
2023-12-29,11503.90,11515.20,11267.50,11385.00,34346
2024-01-02,11397.00,11397.00,11326.50,11363.60,6917
2024-01-03,11374.90,11398.30,11340.00,11341.00,5873
2024-01-04,11332.50,11373.00,11332.00,11341.60,7366
2024-01-05,11330.40,11394.00,11330.40,11349.20,13017
2024-01-08,11333.00,11349.90,11313.50,11325.50,628
2024-01-09,11327.50,11360.20,11300.10,11318.70,1323
2024-01-10,11330.00,11367.20,11300.00,11300.00,2049
2024-01-11,11307.50,11384.80,11299.10,11367.60,5967
2024-01-12,11367.60,11387.00,11347.00,11380.00,6876
2024-01-15,11360.10,11400.00,11327.50,11358.40,3900
2024-01-16,11358.40,11400.00,11327.90,11369.50,2523
2024-01-17,11337.50,11384.50,11262.20,11266.60,8693
2024-01-18,11277.80,11277.80,11160.00,11253.70,9913
2024-01-19,11245.00,11299.00,11240.00,11280.00,10556
2024-01-22,11279.90,11279.90,11200.00,11220.00,9075
2024-01-23,11200.30,11288.00,11156.80,11248.10,7144
2024-01-24,11190.00,11310.00,11150.00,11196.40,10121
2024-01-25,11209.80,11340.00,11177.80,11324.00,12466
2024-01-26,11335.40,11384.40,11300.00,11324.00,2534
2024-01-29,11300.40,11348.60,11229.50,11318.00,6766
2024-01-30,11485.00,11490.00,11218.40,11220.00,25561
2024-01-31,11231.10,11259.90,11156.90,11201.00,24368
2024-02-01,11201.00,11225.50,11063.30,11136.10,28551
2024-02-02,11135.00,11288.80,10745.40,11181.10,13616
2024-02-05,11181.10,11200.00,11118.20,11160.00,8770
2024-02-06,11150.00,11204.20,11060.00,11151.90,18673
2024-02-07,11163.70,11250.00,11138.80,11190.00,21493
2024-02-08,11190.00,11350.00,11190.00,11349.80,15038
2024-02-19,11349.80,11361.60,11297.30,11336.30,19416
2024-02-20,11335.90,11389.00,11289.80,11300.00,14831
2024-02-21,11309.90,11390.00,11283.00,11330.00,27455
2024-02-22,11313.50,11429.70,11300.00,11383.00,11528
2024-02-23,11361.30,11398.70,11310.00,11392.60,11546
2024-02-26,11392.60,11435.00,11356.40,11418.00,4601
2024-02-27,11406.60,11430.00,11345.00,11373.80,10172
2024-02-28,11373.80,11429.70,11301.00,11371.30,4278
2024-02-29,11337.50,11390.00,11303.00,11364.00,14146
2024-03-01,11370.00,11400.00,11320.00,11366.90,5154
2024-03-04,11369.80,11379.20,11254.50,11328.80,26083
2024-03-05,11296.30,11350.00,11230.00,11266.00,16579
2024-03-06,11250.10,11305.00,11240.90,11289.10,9248
2024-03-07,11289.10,11371.70,11277.80,11327.50,6568
2024-03-08,11311.00,11339.00,11300.00,11329.70,4532
2024-03-11,11325.10,11355.60,11296.30,11312.30,4082
2024-03-12,11312.30,11347.00,11312.30,11345.40,4285
2024-03-13,11345.40,11418.00,11336.50,11380.00,6238
2024-03-14,11369.80,11424.00,11336.30,11354.30,2299
2024-03-15,11365.40,11414.30,11316.90,11393.00,6024
2024-03-18,11330.10,11418.30,11324.70,11400.60,22872
2024-03-19,11389.20,11439.90,11350.00,11381.00,7401
2024-03-20,11392.40,11440.90,11319.70,11427.30,36541
2024-03-21,11423.00,11470.00,11380.10,11386.00,11375
2024-03-22,11397.40,11435.40,11370.20,11386.00,6495
2024-03-25,11386.00,11396.30,11350.00,11362.80,4236
2024-03-26,11360.00,11382.70,11334.00,11382.70,9222
2024-03-27,11371.50,11376.30,11330.00,11376.30,4065
2024-03-28,11364.90,11390.00,11342.70,11355.20,4369
2024-03-29,11355.20,11376.30,11310.00,11353.00,3239
2024-04-01,11363.80,11389.90,11341.60,11350.00,2659
2024-04-02,11361.40,11387.60,11340.00,11351.00,3226
2024-04-03,11350.10,11389.80,11346.00,11383.00,1789
2024-04-08,11379.00,11380.00,11350.00,11364.10,3324
2024-04-09,11352.70,11395.00,11349.80,11383.50,2287
2024-04-10,11383.50,11389.00,11340.00,11360.20,5175
2024-04-11,11356.30,11396.50,11343.00,11384.00,6315
2024-04-12,11380.00,11418.00,11350.50,11409.00,4690
2024-04-15,11397.60,11415.80,11351.70,11394.80,4801
2024-04-16,11383.40,11416.90,11310.20,11327.50,10672
2024-04-17,11354.90,11384.10,11327.00,11340.90,4970
2024-04-18,11352.20,11404.90,11318.30,11396.30,15833
2024-04-19,11396.30,11444.30,11370.00,11436.50,3465
2024-04-22,11409.00,11445.60,11370.00,11435.60,2500
2024-04-23,11435.60,11449.40,11412.90,11437.20,1682
2024-04-24,11448.00,11455.00,11403.20,11435.50,3504
2024-04-25,11414.60,11445.00,11395.60,11431.10,8802
2024-04-26,11442.50,11468.00,11419.70,11466.60,8267
2024-04-29,11470.00,11531.90,11468.00,11481.00,9359
2024-04-30,11481.00,11509.90,11423.70,11493.30,5596
2024-05-06,11511.70,11557.00,11490.00,11526.10,8011
2024-05-07,11514.60,11558.00,11503.10,11540.00,16014
2024-05-08,11552.00,11584.90,11475.20,11516.80,9115
2024-05-09,11505.30,11605.00,11493.80,11605.00,11344
2024-05-10,11573.20,11644.00,11550.30,11622.80,12284
2024-05-13,11570.00,11618.50,11501.10,11568.00,10348
2024-05-14,11562.00,11624.20,11511.20,11601.80,5058
2024-05-15,11590.20,11601.70,11520.60,11530.00,2266
2024-05-16,11530.30,11580.00,11530.00,11569.50,2248
2024-05-17,11569.50,11588.70,11547.50,11588.10,5054
2024-05-20,11580.00,11604.90,11524.70,11580.00,17103
2024-05-21,11580.30,11602.70,11533.70,11602.60,14373
2024-05-22,11591.00,11614.10,11568.00,11584.00,2606
2024-05-23,11580.10,11595.60,11560.40,11580.00,3232
2024-05-24,11576.90,11610.00,11540.00,11571.70,32103
2024-05-27,11572.00,11582.80,11490.00,11546.00,11700
2024-05-28,11546.00,11580.00,11503.40,11580.00,10279
